Star-v5/SDSS-spectra/spectra-information-id.ecsv
# %ECSV 1.0
# ---
# datatype:
# - {name: ID, datatype: string}
# - {name: RA, datatype: float64}
# - {name: DEC, datatype: float64}
# - {name: Sep, datatype: float64}
# meta: !!omap
# - {TCOMM1: description}
# - {TCOMM2: description}
# - {TCOMM3: description}
# - {TCOMM4: description}
# - {TCOMM5: description}
# - {TCOMM6: description}
# - {TCOMM7: description}
# - {TCOMM8: description}
# - {TCOMM9: description}
# - {TCOMM10: description}
# - {TCOMM11: description}
# - {TCOMM12: description}
# - {TCOMM13: description}
# - {TCOMM14: description}
# - {TCOMM15: description}
# - {TCOMM16: description}
# - {TCOMM17: description}
# - {TCOMM18: description}
# - {TCOMM19: description}
# - {TCOMM20: description}
# - {TCOMM21: description}
# - {TCOMM22: description}
# - {TCOMM23: description}
# - {TCOMM24: description}
# - {TCOMM25: description}
# - {TCOMM26: description}
# - {TCOMM27: description}
# - {TCOMM28: description}
# - {TCOMM29: description}
# - {TCOMM30: description}
# - {TCOMM31: description}
# - {TCOMM32: description}
# - {TCOMM33: description}
# - {TCOMM34: description}
# - {TCOMM35: description}
# - {DATE-HDU: '2022-08-03T03:18:20'}
# - {STILVERS: 3.3-2}
# - {STILCLAS: uk.ac.starlink.fits.FitsTableWriter}
# schema: astropy-2.0
ID RA DEC Sep
iDR3.STRIPE82-0037.020376 25.07109927100977 -0.8341590148622415 0.05767821862972283
iDR3.STRIPE82-0078.003916 53.62265212610798 0.10308047306115554 0.15611648353711538
iDR3.STRIPE82-0006.027457 3.3638162881857334 0.875614770300196 0.16918025081266225
iDR3.STRIPE82-0004.031191 1.791687271704504 0.8914261244525057 0.14590322748242834
iDR3.STRIPE82-0067.050741 46.20769411378219 -0.13705075686612653 0.21915314473164835
iDR3.STRIPE82-0129.037205 329.8417816331468 -0.3786506103901121 0.10768616909004593
iDR3.STRIPE82-0143.016137 339.5968891921001 -0.9522680134427639 0.1577603108063342
iDR3.STRIPE82-0158.003478 349.42752127421284 0.093129280239253 0.15748208348195658
iDR3.STRIPE82-0002.034805 0.6279554824066291 0.8331230804411939 0.2023815496910564
iDR3.SPLUS-n02n26.016552 185.37906214223312 1.124474721489336 0.22341045824329178
iDR3.STRIPE82-0103.087316 312.4859068430339 -0.20047242424500933 0.041876409900903175
iDR3.STRIPE82-0154.027251 347.231188850614 0.6182549476788003 0.11887967822134374
iDR3.STRIPE82-0012.042042 7.416749471161749 1.0913027872498264 0.14378458465170824
iDR3.SPLUS-n02n26.033149 184.73251321873698 2.0005938638657152 0.05321276274026064
iDR3.STRIPE82-0152.056707 345.9651406629765 1.11426658072561 0.3692314957535676
iDR3.STRIPE82-0044.021486 30.31471271654344 0.5264157435180954 0.05306739183918151
iDR3.STRIPE82-0120.045064 323.408936906668 1.4413770493499045 0.1605138676227241
iDR3.STRIPE82-0011.048886 6.417469975537349 -0.25867434438133013 0.15136618385401898
iDR3.SPLUS-n01s23.038457 180.34692325828544 0.47457887847941965 0.28833222674438463
iDR3.SPLUS-n02s18.028448 173.86843898709634 -1.1732257862747921 0.0497884630198144
iDR3.STRIPE82-0142.027354 338.66637521384126 0.6909664418071105 0.2608797044575626
iDR3.STRIPE82-0131.016374 332.21654479357403 -1.1010212789856892 0.17192819731076497
iDR3.STRIPE82-0153.054672 347.4423475040321 0.013615375964205508 0.2393626104812907
iDR3.SPLUS-n05n50.033851 216.7245347178442 5.421495966728137 0.11779437504896964
iDR3.STRIPE82-0122.059408 324.8565425689696 1.3959856038859333 0.069022273680013
iDR3.STRIPE82-0148.001139 342.4836663184702 0.038431612886878214 0.20411418147228405
iDR3.STRIPE82-0108.039253 315.05879832773167 0.7460919799647099 0.08402565717740855
iDR3.STRIPE82-0032.003020 20.757412140628695 0.056552555358909476 0.34092370053289706
iDR3.STRIPE82-0050.006265 34.18756480158774 0.14521142113014263 0.2261634551978672
iDR3.SPLUS-n02n18.039610 174.34240673564196 1.816372111607291 0.42326894713710705
iDR3.STRIPE82-0043.054616 29.582354760329807 -0.206123068723385 0.15524338536268428
iDR3.STRIPE82-0015.053521 9.342361420176386 -0.19460096082617334 0.18803958606733506
iDR3.STRIPE82-0036.011908 24.655329021886622 0.47179259599676493 0.18283275077448782
iDR3.STRIPE82-0039.043308 27.33969542295298 -0.5391525524002503 0.17687177692318012
iDR3.STRIPE82-0131.050516 331.37225331383246 -0.5196269942518518 0.06945285899522084
iDR3.STRIPE82-0125.053114 327.54385873207247 -0.16682656475967428 0.03186298203267834
iDR3.STRIPE82-0105.069446 313.466816984702 -0.26707656017662645 0.10181168464236899
iDR3.STRIPE82-0151.038120 346.4341260460739 -0.42555018432334146 0.13768451652881894
iDR3.SPLUS-n03s26.056243 184.52327797119065 -2.251013322397389 0.19155389165261738
iDR3.SPLUS-n02n27.006203 186.02626911438938 0.7501115320338491 0.20107413664140447
iDR3.SPLUS-s02s05.026507 330.67753876061363 -1.4244675396774724 0.07644303162076593
iDR3.SPLUS-s02s09.003583 335.0489989956246 -1.9918623714489352 0.15291704974839368
iDR3.SPLUS-n01s01.019000 150.56596957389203 -0.18215733522440825 0.40664499255003667
iDR3.STRIPE82-0145.045634 341.41642030705873 -0.4054482118161328 0.07404155007352235
iDR3.STRIPE82-0156.034804 349.2168428172675 0.8571987065141106 0.0980395582017639
iDR3.STRIPE82-0026.037373 16.580131544341818 0.8064950808416276 0.20904711708805332
iDR3.STRIPE82-0126.031903 327.5112425223878 1.2288440704579693 0.014027595157962659
iDR3.STRIPE82-0147.005730 343.4952075319428 -1.289144725738761 0.08969871671698391
iDR3.STRIPE82-0047.013896 32.34166379711758 -0.9153964683450351 0.1571661119739121
iDR3.STRIPE82-0102.040352 310.91682422695794 0.481551561964735 0.1369351440131821
iDR3.STRIPE82-0080.007477 54.57796884086466 0.19823028732953893 0.11637815301402672
iDR3.SPLUS-n02n22.059209 179.4500979791226 1.722464633451602 0.3683518984339772
iDR3.STRIPE82-0007.021121 4.380258459418438 -0.8164386494043362 0.2466697010604879
iDR3.STRIPE82-0055.005329 38.12763748929023 -1.2817952492366265 0.12356353943865914
iDR3.STRIPE82-0013.036763 9.10579672267925 -0.4853030603908992 0.23002421948605398
iDR3.STRIPE82-0142.017985 339.139729783869 0.44800370946111756 0.2588032295601703
iDR3.STRIPE82-0005.023140 3.019314461785063 -0.6871129812818367 0.12259249894220908
iDR3.STRIPE82-0009.022679 4.917646791908225 -0.9099503373848067 0.13700342483041544
iDR3.STRIPE82-0068.006406 46.98979992986573 0.12001736947822109 0.12250839057091198
iDR3.STRIPE82-0152.022237 345.50499246424033 0.5131468261640252 0.2504947464757993
iDR3.STRIPE82-0026.052854 16.55991936281131 1.2359802572644285 0.13236420646055816
iDR3.STRIPE82-0071.040649 49.68820265523018 -0.31258679968996156 0.1037023444609957
iDR3.STRIPE82-0025.031694 17.35815775854618 -0.6275003706886488 0.15156222671632602
iDR3.STRIPE82-0020.053566 12.327161446051639 1.2191920530524625 0.30930281717975877
iDR3.STRIPE82-0136.042690 334.3435194955581 1.0767543256819685 0.1844465789770213
iDR3.STRIPE82-0035.012464 24.511500203436487 -1.0096960846663061 0.14301665193467689
iDR3.STRIPE82-0070.026450 48.61771428658176 0.7519402356960914 0.3002551246425663
iDR3.STRIPE82-0042.018967 28.53861595248377 0.44591290339986683 0.09336492887171079
iDR3.SPLUS-n02n23.022190 180.15952618608105 1.2129112212203665 0.2245195934826683
iDR3.SPLUS-n01s26.017374 184.9269721119905 -0.30595397859355666 0.23469597331461617
iDR3.STRIPE82-0155.024313 348.299611065616 -0.7605497687369258 0.2231382655159918
iDR3.STRIPE82-0161.039767 353.25093145251367 -0.3418033383059611 0.070668806268712
iDR3.STRIPE82-0106.052252 313.3198559349733 0.9892076810353208 0.21892887458685628
iDR3.STRIPE82-0143.016256 339.6845594683822 -0.948694319373839 0.12523485912279678
iDR3.STRIPE82-0145.029745 341.3799836615205 -0.7525947660724432 0.14707901427295195
iDR3.STRIPE82-0008.036347 3.898110576074378 0.8989176411595012 0.041574339482677844
iDR3.STRIPE82-0008.013742 3.860510825587982 0.30372362004255427 0.2813674493375889
iDR3.STRIPE82-0059.014841 40.6454475160122 -1.0644227483678184 0.4627157553111132
iDR3.STRIPE82-0156.056121 348.2461021601764 1.1349593899913708 0.23156678710903453
iDR3.STRIPE82-0169.028275 358.9422665997112 -0.39521021055347355 0.22058152449410626
iDR3.STRIPE82-0152.040956 346.1180884490532 0.9503418885107959 0.1800703203660598
iDR3.STRIPE82-0012.027933 7.4643548077277035 0.7000037288417243 0.33663020910144564
iDR3.STRIPE82-0026.005547 16.77312563028888 0.1024885367041135 0.12749025694237456
iDR3.STRIPE82-0014.009566 8.659944398487921 0.2381814585422217 0.08854741635249636
iDR3.STRIPE82-0014.014477 8.941080203860544 0.38499342463158553 0.03724189432175526
iDR3.STRIPE82-0014.019228 8.178072183921541 0.5197450140043085 0.14490455116573842
iDR3.STRIPE82-0164.019383 354.3417350883094 0.37754676359646666 0.20220853818116727
iDR3.STRIPE82-0164.022218 354.38244578497734 0.43330107346913666 0.27036661615303653
iDR3.SPLUS-s02s08.004413 333.9455025519527 -1.985161463986751 0.024588213929037227
iDR3.SPLUS-n05n50.017121 216.6133870755976 5.065007143584472 0.27954914614037996
iDR3.STRIPE82-0163.028116 354.6541733025063 -0.6884191782527765 0.27764500859975155
iDR3.STRIPE82-0161.024721 352.76831531945396 -0.7102948577467144 0.13379116880369757
iDR3.STRIPE82-0135.025938 334.54773089833606 -0.9420336609771612 0.11836852254429307
iDR3.STRIPE82-0077.052793 53.74365145217437 -0.12885171154684322 0.04606376303042314
iDR3.STRIPE82-0053.006046 36.66621231254797 -1.2419634243382827 0.18609129271828095
iDR3.STRIPE82-0038.015680 24.962782843879992 0.42722178926433024 0.25561204339597493
iDR3.STRIPE82-0108.009933 314.302863294349 0.20317358294734986 0.10336674035616761
iDR3.STRIPE82-0044.019857 30.105854148548683 0.4879895823228443 0.16149987712362504
iDR3.STRIPE82-0030.034826 19.623433609428748 0.7637166618270906 0.1713817589905049
iDR3.STRIPE82-0075.007651 53.10952432881614 -1.1905549158813071 0.3624572986481868
iDR3.STRIPE82-0159.029883 351.48128487994535 -0.619649969309404 0.13550116592004302
iDR3.STRIPE82-0035.022705 23.75036141262909 -0.6870226744982718 0.24069286372146675
iDR3.STRIPE82-0140.024629 337.48557309949206 0.5240235390794395 0.1828141344526704
iDR3.STRIPE82-0049.015869 34.543835265892945 -1.0297901208560476 0.20772021430682736
iDR3.STRIPE82-0018.064634 10.682789961127495 1.283933341653539 0.18156601372544062
iDR3.SPLUS-n01s24.009687 182.33562177580043 -0.48203617294025475 0.22338578132456305
iDR3.SPLUS-n02n44.044365 208.66737341134342 1.9743506227914494 0.09269817094447544
iDR3.SPLUS-s02s07.022389 332.4773666618215 -1.454892271729591 0.10548743451694036
iDR3.SPLUS-n04n01.030147 151.41616300935794 4.154090690739466 0.0826160779715336
iDR3.STRIPE82-0029.026431 20.29473653398262 -0.8436434200227299 0.19898653890756857
iDR3.STRIPE82-0155.008068 348.13067741527794 -1.1937043288787734 0.22425123151762072
iDR3.STRIPE82-0163.050068 353.8445277828368 -0.10977978814367612 0.11309771660218926
iDR3.STRIPE82-0161.044581 352.60621771630525 -0.08632531999553919 0.1917404768993825
iDR3.STRIPE82-0015.024713 9.747289111980264 -0.714454350224955 0.32658500258284257
iDR3.STRIPE82-0062.010390 42.752679777779875 0.28537351158432817 0.16032649785522485
iDR3.STRIPE82-0013.019963 8.035561688713287 -0.8843461346218345 0.13709340327357383
iDR3.STRIPE82-0008.028745 3.998288931150247 0.703633745873623 0.2528089235449703
iDR3.STRIPE82-0008.003185 4.801640792188885 0.0554916881824542 0.06328768373494449
iDR3.STRIPE82-0017.027488 10.896509451927638 -0.6248809118328724 0.4611629023007706
iDR3.STRIPE82-0039.032771 26.83799104587179 -0.7514735524191466 0.06829244767532228
iDR3.STRIPE82-0071.033558 49.0750504981236 -0.5069279648561904 0.32805811559299913
iDR3.STRIPE82-0071.035792 49.905357996326025 -0.44471294677298934 0.22980271226443524
iDR3.STRIPE82-0045.050333 30.500247645814035 -0.15588560513530106 0.1357074646163436
iDR3.STRIPE82-0020.062391 13.432315634808461 1.363190953245345 0.4537584817724063
iDR3.STRIPE82-0148.018355 343.2393387782164 0.45878233456069256 0.18915867965153582
iDR3.STRIPE82-0074.040778 50.68707745560916 0.7450965554947673 0.19980351924698536
iDR3.STRIPE82-0044.002332 29.897844793605522 0.06707307056718576 0.20060051073280943
iDR3.STRIPE82-0054.040145 36.81029852296449 1.0934074799976583 0.24634323778934536
iDR3.STRIPE82-0030.011578 20.06844242242694 0.2438224861818196 0.18734690169689028
iDR3.STRIPE82-0151.013776 346.1839995707146 -1.047637756170335 0.18825844375958445
iDR3.STRIPE82-0023.017707 15.901621012754958 -0.9191165595206995 0.3221727047854156
iDR3.STRIPE82-0023.005307 16.05775922175709 -1.264431931617225 0.20028244109256066
iDR3.STRIPE82-0080.021849 54.58960430404596 0.5184971700047292 0.2297169006468729
iDR3.STRIPE82-0028.012953 18.92575064401607 0.3834537397700357 0.208092792095583
iDR3.STRIPE82-0001.001877 359.5218549462989 -1.3649719892078715 0.20635052958335146
iDR3.STRIPE82-0049.010030 34.07162177605453 -1.17963313592842 0.2622075398073727
iDR3.STRIPE82-0042.016294 28.38271202195532 0.3813754396509161 0.12401136248676502
iDR3.STRIPE82-0061.046539 43.21668023139433 -0.3698979850578264 0.3663887041301051
iDR3.STRIPE82-0136.022276 335.0881905505351 0.6776081939702171 0.13905881488102176
iDR3.STRIPE82-0143.028004 340.31072331194497 -0.6166568744451028 0.6489783498515771
iDR3.STRIPE82-0019.022956 12.52643364497888 -0.8886404605151184 0.21234798229059357
iDR3.STRIPE82-0002.030464 359.32653511559846 0.7307049350125405 0.1910937885982619
iDR3.STRIPE82-0109.040432 316.3084873396884 -0.7240117443352656 0.21830907213171288
iDR3.STRIPE82-0116.042771 320.90006167623477 0.9378980724247419 0.2331990682258381
iDR3.SPLUS-n02s25.003956 183.6469096827458 -1.9901146185603482 0.15986915246399772
iDR3.STRIPE82-0017.024243 11.065875879315966 -0.717518646194803 0.2277486485838612
iDR3.STRIPE82-0056.038512 38.344235357126465 0.8498264300321089 0.24551598342249661
iDR3.STRIPE82-0026.006093 17.28164156677598 0.11388519628671936 0.18020073475580276
iDR3.STRIPE82-0018.038274 11.001100490467781 0.7902004261197328 0.03934131141145163
iDR3.STRIPE82-0056.038958 38.20293944460951 0.8607798584028256 0.1768519890417319
iDR3.STRIPE82-0009.033328 4.9585789543140555 -0.6779700699260857 0.14304262370607848
iDR3.STRIPE82-0033.040341 22.642393025135533 -0.35181623541062573 0.117541046156099
iDR3.STRIPE82-0038.010954 25.61284110043893 0.29165695934751135 0.1784047726288448
iDR3.STRIPE82-0147.043690 342.95730339479854 -0.4698259059306293 0.3648634093169598
iDR3.STRIPE82-0030.011791 19.57552004108609 0.2487480482840988 0.27049931830418167
iDR3.STRIPE82-0010.005855 5.6579023182214625 0.08867883371204399 0.3005800027026295
iDR3.SPLUS-n03s23.033092 180.0906960738449 -2.72525835885637 0.1117434094156331
iDR3.STRIPE82-0161.013826 353.45353170011316 -1.0438731358199351 0.07223392977465348
iDR3.STRIPE82-0056.011736 37.58720416243717 0.23216816757937458 0.3673411026753904
iDR3.STRIPE82-0005.024320 2.328179105177891 -0.6519420575037337 0.22063039029867698
iDR3.STRIPE82-0165.038101 356.16887664029036 -0.20168237311045215 0.22634495205001756
iDR3.STRIPE82-0057.039669 39.14871940890983 -0.5342706372644691 0.2210759869239573
iDR3.SPLUS-n02s22.016624 179.47609913312544 -1.6377672684560611 0.25022259026553806
iDR3.SPLUS-n03s28.023414 187.84491779500618 -2.863637403356975 0.21088861294979444
iDR3.STRIPE82-0142.034401 339.20666171031564 0.9038310163367896 0.26944151810706535
iDR3.STRIPE82-0058.035027 40.24643683967374 0.7627476177593495 0.14988427800032303
iDR3.STRIPE82-0103.089600 311.8365168802931 0.0021268467006492695 0.03538144302881022
iDR3.STRIPE82-0008.034263 4.474256625814649 0.8493703288672522 0.13294861355809498
iDR3.STRIPE82-0027.043701 17.86813658313074 0.02869744834659133 0.6868130677300408
iDR3.STRIPE82-0004.029068 2.038930048182944 0.8264638152844974 0.3055363108974555
iDR3.SPLUS-n02s37.051418 200.0977807916915 -0.7918937289501875 0.1384619181421632
iDR3.STRIPE82-0019.045060 12.680255598638361 -0.004367421676519809 0.4067184181368079
iDR3.STRIPE82-0003.028018 1.6582813732829773 -0.6156060790712984 0.13031401664513917
iDR3.STRIPE82-0014.010956 7.823701945596341 0.28473852238350517 0.2097971272029962
iDR3.STRIPE82-0147.026690 343.5498267824822 -0.8303920878390473 0.19592171583698675
iDR3.STRIPE82-0051.030225 35.93801068493996 -0.8130999484062221 0.1125853268318489
iDR3.SPLUS-n02s19.000577 175.8722683259682 -2.0554055350002094 0.2582967453155263
iDR3.STRIPE82-0034.031629 23.263275361486848 0.8507851539282231 0.14153222652460942
iDR3.STRIPE82-0061.047759 42.22020967186947 -0.34502876439944874 0.4003620430453542
