Star-v5/18r20-emitters/Halpha-DR3-SPLUS-PStotal-STAR-18r20-v5-v2-Final.ecsv
# %ECSV 1.0
# ---
# datatype:
# - {name: Field, datatype: string}
# - {name: ID, datatype: string}
# - {name: RA, datatype: float64}
# - {name: DEC, datatype: float64}
# - {name: FWHM, datatype: float64}
# - {name: ISOarea, datatype: int64}
# - {name: KRON_RADIUS, datatype: float64}
# - {name: MU_MAX, datatype: float64}
# - {name: nDet_PStotal, datatype: float64}
# - {name: PhotoFlagDet, datatype: int64}
# - {name: CLASS_STAR, datatype: float64}
# - {name: u_PStotal, datatype: float64}
# - {name: J0378_PStotal, datatype: float64}
# - {name: J0395_PStotal, datatype: float64}
# - {name: J0410_PStotal, datatype: float64}
# - {name: J0430_PStotal, datatype: float64}
# - {name: g_PStotal, datatype: float64}
# - {name: J0515_PStotal, datatype: float64}
# - {name: r_PStotal, datatype: float64}
# - {name: J0660_PStotal, datatype: float64}
# - {name: i_PStotal, datatype: float64}
# - {name: J0861_PStotal, datatype: float64}
# - {name: z_PStotal, datatype: float64}
# - {name: e_u_PStotal, datatype: float64}
# - {name: e_J0378_PStotal, datatype: float64}
# - {name: e_J0395_PStotal, datatype: float64}
# - {name: e_J0410_PStotal, datatype: float64}
# - {name: e_J0430_PStotal, datatype: float64}
# - {name: e_g_PStotal, datatype: float64}
# - {name: e_J0515_PStotal, datatype: float64}
# - {name: e_r_PStotal, datatype: float64}
# - {name: e_J0660_PStotal, datatype: float64}
# - {name: e_i_PStotal, datatype: float64}
# - {name: e_J0861_PStotal, datatype: float64}
# - {name: e_z_PStotal, datatype: float64}
# - {name: r - i, datatype: float64}
# - {name: r - J0660, datatype: float64}
# - {name: e(r - i), datatype: float64}
# - {name: e(r - J0660), datatype: float64}
# schema: astropy-2.0
Field ID RA DEC FWHM ISOarea KRON_RADIUS MU_MAX nDet_PStotal PhotoFlagDet CLASS_STAR u_PStotal J0378_PStotal J0395_PStotal J0410_PStotal J0430_PStotal g_PStotal J0515_PStotal r_PStotal J0660_PStotal i_PStotal J0861_PStotal z_PStotal e_u_PStotal e_J0378_PStotal e_J0395_PStotal e_J0410_PStotal e_J0430_PStotal e_g_PStotal e_J0515_PStotal e_r_PStotal e_J0660_PStotal e_i_PStotal e_J0861_PStotal e_z_PStotal "r - i" "r - J0660" "e(r - i)" "e(r - J0660)"
[from data line 1201]
"b'SPLUS-s19s23 '" "b'iDR3.SPLUS-s19s23.070969 '" 316.9035449619247 -23.77051683517872 2.2409575 18 4.218795 16.06888 12.0 0 0.96680087 20.503439 20.482834 20.739893 20.431597 20.365791 20.234648 20.173576 19.794563 19.315327 19.671064 19.610554 19.668745 0.074019216 0.12798241 0.25745708 0.17618416 0.17260209 0.0518689 0.11922162 0.036111593 0.030768553 0.041738033 0.08476787 0.07349309 0.12349899999999892 0.4792360000000002 0.055191580405952664 0.04744208050572253
"b'SPLUS-s36s40 '" "b'iDR3.SPLUS-s36s40.032436 '" 315.9905681090691 -46.64510160039478 2.161518 24 3.8497353 15.237388 12.0 0 0.9873503 21.362524 20.960655 22.169622 20.21817 20.325161 20.618282 19.520473 19.781979 18.63573 19.470297 18.252098 18.448011 0.20695196 0.24784978 1.3653246 0.19505396 0.19717634 0.07536555 0.07705725 0.03774469 0.019655194 0.0402211 0.033212036 0.031013055 0.3116820000000011 1.146249000000001 0.055157941480861124 0.0425557078941678
"b'SPLUS-s24s51 '" "b'iDR3.SPLUS-s24s51.038507 '" 319.226414587211 -30.921338043199054 2.5635455 20 3.753094 16.337008 12.0 0 0.75099427 20.838615 20.885729 20.953602 20.866947 21.047802 20.645182 20.29113 19.976831 19.395271 20.09166 19.390875 19.610462 0.10705607 0.17211784 0.28920662 0.22286993 0.2503471 0.062233217 0.110866666 0.037958294 0.029632626 0.052149873 0.06536657 0.06327507 -0.11482900000000029 0.5815599999999996 0.06450148321788085 0.04815521370574854
"b'SPLUS-s21s23 '" "b'iDR3.SPLUS-s21s23.020786 '" 319.4102155757048 -27.14764178742471 3.188581 26 4.709403 16.548212 12.0 0 0.92932767 21.139996 20.45572 21.295591 21.324701 20.533188 20.855701 20.277065 19.977472 19.475838 19.634445 18.691088 19.053194 0.13919063 0.13817754 0.45922923 0.42817786 0.20941152 0.09943948 0.12810549 0.04702284 0.03526424 0.04419552 0.043529615 0.046996173 0.3430269999999993 0.5016339999999992 0.06453209643065999 0.05877681604547154
"b'SPLUS-s25s49 '" "b'iDR3.SPLUS-s25s49.002609 '" 315.6737967478414 -32.87890999401036 3.7450924 19 4.3146973 16.831253 12.0 0 0.5274736 21.412539 22.530651 21.630207 21.875221 20.746563 20.39611 19.672003 19.944405 19.5125 19.854515 19.882126 19.937372 0.18378589 0.8707635 0.5323456 0.5845731 0.20763396 0.053847626 0.07018198 0.040411588 0.036281485 0.06084493 0.147373 0.12845176 0.08989000000000047 0.4319050000000004 0.07304246676685176 0.054308770916740225
"b'SPLUS-s24s52 '" "b'iDR3.SPLUS-s24s52.054950 '" 319.8883318926334 -30.422059736928244 2.398635 19 3.7041721 16.285688 12.0 0 0.9916599 21.934706 21.460318 22.168558 21.84163 21.26408 20.745592 20.383049 19.913193 18.54644 19.69889 19.518284 19.498978 0.2716483 0.27377576 0.8046891 0.5632878 0.33120394 0.07473211 0.12634079 0.04277348 0.018039234 0.049553122 0.10226105 0.077221364 0.21430300000000102 1.3667529999999992 0.06546054148307424 0.04642181119492384
"b'SPLUS-s23s25 '" "b'iDR3.SPLUS-s23s25.063643 '" 320.61571587666253 -28.937084003383934 2.802418 23 5.6398444 16.483883 12.0 0 0.90446323 20.280483 20.537443 20.523287 20.082191 20.3671 20.299131 20.362059 19.82267 19.425983 19.82449 19.954632 19.968596 0.07342525 0.14830032 0.24371032 0.1535194 0.18028873 0.0587531 0.14545473 0.04023322 0.039364934 0.05275374 0.18812324 0.11088912 -0.0018200000000021532 0.396687 0.06634507574459464 0.056287743074249795
"b'SPLUS-s21s22 '" "b'iDR3.SPLUS-s21s22.041665 '" 318.0197368830155 -26.5027037351291 4.976953 24 5.16565 17.84621 12.0 0 0.5653173 21.133411 21.616245 20.740665 20.854155 21.386673 20.759838 20.447933 19.961243 19.470108 19.741844 19.009762 19.241253 0.23380631 0.6325676 0.51928043 0.42319742 0.5944264 0.105286546 0.21639419 0.05882427 0.04225353 0.07264294 0.067267485 0.08295548 0.21939899999999923 0.4911349999999999 0.09347348005117012 0.0724268978936265
"b'SPLUS-s22s24 '" "b'iDR3.SPLUS-s22s24.000863 '" 320.6156879752978 -28.93704166700356 4.081257 20 4.1193967 16.92398 12.0 0 0.7951434 20.323196 20.502296 20.79013 20.584831 20.26513 20.433443 20.588306 19.980856 19.474203 19.900757 19.831913 19.775574 0.07930026 0.1518403 0.27731085 0.22460335 0.16735715 0.06509974 0.183696 0.042775106 0.032951657 0.058323212 0.12526865 0.101295985 0.08009900000000059 0.506653 0.07232777302881777 0.05399556826589461
"b'SPLUS-s32s43 '" "b'iDR3.SPLUS-s32s43.023015 '" 314.3624225293811 -41.672721641114265 2.711002 18 3.775463 16.551655 12.0 0 0.8931034 20.120766 19.933828 20.108677 20.185392 20.106628 20.349344 20.179518 19.98579 19.631897 19.990055 20.073109 20.199377 0.059094183 0.07652512 0.14202525 0.12427929 0.11755286 0.052630104 0.10098146 0.04153032 0.033783738 0.07855491 0.140606 0.15053576 -0.004265000000000185 0.3538930000000029 0.08885742154941534 0.053536047972885
"b'SPLUS-s24s50 '" "b'iDR3.SPLUS-s24s50.036675 '" 317.75375034579986 -30.62479113257048 3.2847967 18 5.866145 16.603165 12.0 0 0.6061681 21.191189 20.746458 20.662678 20.586277 20.837387 20.34709 20.551216 19.825684 19.089993 19.998915 19.035454 19.294779 0.17423491 0.18101408 0.24795496 0.2137691 0.2614469 0.060619336 0.16743456 0.04520905 0.03590788 0.090806566 0.08826279 0.103544936 -0.17323100000000125 0.7356909999999992 0.1014381123178801 0.05773416707632405
"b'SPLUS-s24s50 '" "b'iDR3.SPLUS-s24s50.040676 '" 317.8339557719118 -30.46690378383676 2.915462 15 2.9985301 16.549492 12.0 0 0.53164667 19.607132 19.912395 19.808407 20.084387 20.285263 20.359035 20.488617 19.906277 19.089897 20.009428 19.769356 19.920486 0.048526224 0.09091866 0.12110173 0.13962084 0.16242145 0.06094389 0.15804355 0.04810879 0.035759237 0.091686554 0.17005572 0.18267849 -0.10315100000000044 0.8163799999999988 0.1035416817501967 0.05994312893139854
"b'SPLUS-s23s21 '" "b'iDR3.SPLUS-s23s21.007728 '" 314.5268677152485 -30.1383582004064 1.9913847 11 2.468911 15.901822 12.0 0 0.92595196 20.454922 20.243736 20.437595 20.077885 20.622326 20.156643 20.000788 19.89722 18.923594 20.384926 20.301418 20.17387 0.114043936 0.1273723 0.2464372 0.1814996 0.35032192 0.0761513 0.13707528 0.05329879 0.028884158 0.1051716 0.21061869 0.14925036 -0.4877059999999993 0.9736259999999994 0.1179060068954254 0.06062223683462252
"b'SPLUS-n18s19 '" "b'iDR3.SPLUS-n18s19.016577 '" 176.45155584550997 -23.26358685642364 3.5745573 40 4.213491 16.200817 12.0 0 0.7669838 20.57511 20.072327 20.604816 20.823475 20.491652 20.379475 20.20629 19.838118 19.485928 19.697697 19.788479 19.653336 0.08595005 0.08030563 0.20168303 0.20703614 0.14826027 0.049560793 0.093120985 0.034859657 0.03072349 0.04264751 0.091118455 0.07430042 0.1404209999999999 0.3521900000000002 0.05508181002252694 0.046466423618971894
"b'SPLUS-n14s22 '" "b'iDR3.SPLUS-n14s22.003443 '" 179.3008976902566 -18.202935187246958 3.2952476 39 2.9219756 16.171127 12.0 0 0.51428246 22.890257 21.708075 21.499424 21.443768 21.82543 21.367058 20.963036 19.806438 19.254814 19.273607 18.759373 18.859982 0.6618694 0.38258958 0.54243046 0.4708889 0.6409169 0.14080068 0.23369287 0.03798383 0.028264359 0.034279257 0.046366487 0.042018358 0.5328310000000016 0.5516240000000003 0.05116481996392589 0.04734601705687376
"b'SPLUS-n13s02 '" "b'iDR3.SPLUS-n13s02.010724 '" 151.88398658180822 -16.723910536853825 2.1448877 15 5.0353413 16.058388 12.0 0 0.9559018 20.0624 20.119537 20.333935 20.224133 20.23552 20.23042 20.332878 19.895687 19.555775 19.90551 19.88641 19.87953 0.06799061 0.12247666 0.23250225 0.18467158 0.17956199 0.05716646 0.14639236 0.038711667 0.043498352 0.045980264 0.098774545 0.09457826 -0.009823000000000803 0.3399119999999982 0.06010638767575859 0.058229715683959786
"b'SPLUS-n08s01 '" "b'iDR3.SPLUS-n08s01.001524 '" 151.2367140771794 -10.159438711697543 3.9225242 19 3.6484156 17.126053 12.0 0 0.7586381 20.926514 20.923489 20.399658 20.527708 20.750612 20.531277 20.05677 19.972733 18.177132 20.988197 19.40195 19.984898 0.14224473 0.22584942 0.22896414 0.23346163 0.27541667 0.08032653 0.117178835 0.048671298 0.016282868 0.15551074 0.08461628 0.12111219 -1.015463999999998 1.7956010000000013 0.16294933416357493 0.05132277310619748
"b'SPLUS-n08s01 '" "b'iDR3.SPLUS-n08s01.045229 '" 151.84815461449736 -8.817910957853366 3.0783608 19 3.8297677 16.35875 10.0 0 0.781768 22.816252 99.0 99.0 21.717089 21.450632 20.740303 20.471767 19.879845 19.128372 19.295927 17.864393 21.3298 0.75050956 21.742846 21.198374 0.6702654 0.5143095 0.09624671 0.16676201 0.045471486 0.031107076 0.03687925 0.0244742 0.40800223 0.5839180000000006 0.7514730000000007 0.058546862594085224 0.05509361320804774
"b'SPLUS-n15s04 '" "b'iDR3.SPLUS-n15s04.031796 '" 154.3494755881962 -18.9110522610824 2.1258152 17 4.7424994 16.030598 12.0 0 0.956924 20.74072 20.89673 24.07148 20.065523 19.739845 20.056953 20.328627 19.865902 19.51332 19.86038 19.640123 19.529734 0.10131216 0.1939169 5.8032246 0.13534951 0.10034324 0.04593231 0.12706171 0.042062405 0.03452912 0.057389285 0.09457183 0.07720662 0.005521999999999139 0.3525819999999982 0.07115318648658857 0.054419721079388354
"b'SPLUS-n16s18 '" "b'iDR3.SPLUS-n16s18.045257 '" 175.25253345220216 -19.546791342134632 2.612699 22 4.750813 15.636931 10.0 0 0.9453489 99.0 20.957127 20.902058 99.0 21.178658 21.582214 20.249416 19.917364 16.95065 18.868052 18.516815 18.367445 21.62851 0.34433293 0.48823142 20.880402 0.60965765 0.35331836 0.1934342 0.05999574 0.007959234 0.027516775 0.04769877 0.029664727 1.0493120000000005 2.9667139999999996 0.06600501287438876 0.060521386501090305
"b'SPLUS-n16s12 '" "b'iDR3.SPLUS-n16s12.000232 '" 167.319962835837 -20.94930675719433 2.7473066 19 5.726354 16.410137 12.0 0 0.8239038 20.268593 20.610374 21.323946 20.884926 20.171173 20.131931 20.02256 19.853613 19.530996 19.920498 19.701263 19.834843 0.06537737 0.13369696 0.4484596 0.2687015 0.14186786 0.047955632 0.09713778 0.04026337 0.03537061 0.061200142 0.1058108 0.13262573 -0.0668849999999992 0.32261700000000104 0.07325705661966678 0.05359308738567876
"b'SPLUS-n18s21 '" "b'iDR3.SPLUS-n18s21.038790 '" 180.03679956161395 -22.91537638829992 2.218112 19 3.9037018 15.78952 12.0 0 0.9759809 24.093327 24.104553 22.95808 21.886024 21.423138 20.94206 20.944805 19.95415 19.500187 19.68303 19.008078 19.048004 2.586735 3.7773523 2.0037484 0.62418616 0.38261208 0.08049007 0.19722167 0.039237417 0.03906958 0.039007895 0.05980684 0.041335635 0.2711199999999998 0.4539629999999981 0.05532802874821146 0.05537153577613943
"b'SPLUS-n18s21 '" "b'iDR3.SPLUS-n18s21.043557 '" 179.6707461819597 -22.82727533192148 1.8237411 16 3.7895656 15.5978775 12.0 0 0.9799415 23.139488 22.394543 21.619482 20.978342 20.963999 20.13227 19.695816 19.82731 19.38402 19.69191 19.584549 19.528656 1.0392123 0.76322585 0.5744415 0.27461186 0.25172955 0.04187548 0.06980632 0.034940027 0.035082705 0.039151214 0.09762217 0.06215332 0.13540000000000063 0.44329000000000107 0.05247497541147137 0.049513651419358616
"b'SPLUS-n16s10 '" "b'iDR3.SPLUS-n16s10.008403 '" 164.37077624759482 -20.745916841331525 2.9056706 21 4.3473907 16.469582 12.0 0 0.9075696 22.65403 22.170856 21.096977 21.16233 20.990297 20.188454 19.744587 19.963203 19.518894 19.729351 19.45932 19.655476 0.5801989 0.61693007 0.40112102 0.38811156 0.33314082 0.05464309 0.0843953 0.047046464 0.03467443 0.052792914 0.092334464 0.09190639 0.23385199999999884 0.4443090000000005 0.07071394164883395 0.05844386940242917
"b'SPLUS-n08s02 '" "b'iDR3.SPLUS-n08s02.023884 '" 152.28202446279917 -9.642940454369674 2.3578157 21 4.582383 16.190435 12.0 0 0.96568704 19.986185 20.201437 20.106264 20.127932 20.11605 20.134754 20.089172 19.803453 19.345417 19.747307 19.664053 19.817871 0.061312072 0.13416435 0.17508982 0.15430918 0.14659049 0.049366195 0.107922226 0.03716041 0.029978748 0.047347166 0.09313457 0.093310356 0.056146000000001806 0.4580359999999999 0.06018845570040534 0.04774538096000077
"b'SPLUS-n15s13 '" "b'iDR3.SPLUS-n15s13.018885 '" 167.6107443960461 -18.91557716487226 6.980559 25 3.5453014 17.44924 11.0 0 0.51363707 21.086388 21.306458 99.0 20.474571 20.864735 20.09686 20.305239 19.962875 18.905966 19.619 19.52184 19.738922 0.20025827 0.37265348 21.0218 0.26980984 0.41700333 0.14628257 0.29580215 0.07131196 0.027572772 0.07604975 0.11826046 0.14271197 0.3438750000000006 1.056909000000001 0.10425430501472877 0.07645687277678563
"b'SPLUS-n06s03 '" "b'iDR3.SPLUS-n06s03.018726 '" 152.17320455497682 -7.019125066799837 2.6340885 20 4.023791 16.491976 12.0 0 0.94928586 20.493322 20.65478 20.31018 20.426167 20.693851 20.33898 20.431992 19.8793 19.457844 19.98265 20.17132 19.914618 0.084331416 0.15234326 0.18813741 0.1873116 0.22199571 0.05856139 0.1411369 0.040214747 0.03343099 0.057939444 0.15979174 0.101472944 -0.10334999999999894 0.42145599999999916 0.07052804440294048 0.052295859957114284
"b'SPLUS-n18s18 '" "b'iDR3.SPLUS-n18s18.009946 '" 176.13150998327865 -23.481980975542037 1.7280453 12 3.3505347 15.755353 12.0 0 0.9831115 20.323545 20.367277 20.23274 20.028625 20.113071 20.210678 20.329996 19.935848 19.536907 19.999687 20.04543 19.845247 0.06943115 0.11079572 0.1658503 0.13446623 0.14281908 0.06587241 0.14535742 0.048495904 0.040274393 0.06242925 0.14403859 0.09675285 -0.06383900000000153 0.39894100000000066 0.07905228624359775 0.06303871378998516
"b'SPLUS-n15s16 '" "b'iDR3.SPLUS-n15s16.046409 '" 171.43830036943947 -18.488201340276905 3.1468387 22 4.234672 16.11783 11.0 0 0.9466434 99.0 22.68982 21.588772 21.347729 21.598618 21.164974 21.30548 19.964975 19.022243 19.178057 18.817226 18.725246 22.595097 0.9474702 0.6477373 0.4678297 0.54790574 0.11892302 0.32009864 0.04529783 0.024847688 0.032277286 0.05059255 0.03886784 0.786918 0.9427319999999995 0.05562118835690852 0.051665278491983796
"b'SPLUS-n16s05 '" "b'iDR3.SPLUS-n16s05.008462 '" 156.73364283092252 -20.756333539933827 3.0945423 26 4.8749485 16.166382 11.0 0 0.5776058 21.906307 21.376026 22.941307 22.37896 99.0 20.7716 20.721848 19.82584 19.14197 19.551096 19.087467 19.053478 0.43340904 0.4443739 2.9687083 1.8280082 20.899515 0.16757119 0.3156636 0.060977105 0.039305326 0.06679535 0.06489886 0.05598455 0.2747439999999983 0.6838699999999989 0.09044239114377464 0.07254733617540551
"b'SPLUS-n18s16 '" "b'iDR3.SPLUS-n18s16.012467 '" 173.44708705543903 -23.350512504245973 2.860803 14 4.1573606 16.642843 12.0 0 0.8792208 22.77248 23.027172 21.085106 21.39141 21.3884 20.704502 20.690151 19.913906 19.226885 20.20852 18.503447 21.850937 0.66558814 1.2777269 0.34608385 0.389827 0.36739662 0.070330985 0.1601425 0.040467348 0.02767204 0.073325776 0.04153579 0.678362 -0.29461399999999927 0.6870210000000014 0.08375127270767459 0.04902395385844255
"b'SPLUS-n18s16 '" "b'iDR3.SPLUS-n18s16.043343 '" 172.4474918611031 -22.633301037846795 2.4506583 17 4.4079185 16.26552 11.0 0 0.937669 99.0 22.0692 20.904648 21.127274 21.227339 20.32325 19.51744 19.975155 19.419437 19.871923 19.87486 20.106077 22.355932 0.5674568 0.31146717 0.30968693 0.3194408 0.052127406 0.06286171 0.043350503 0.032431193 0.055650443 0.1352119 0.13996641 0.10323200000000199 0.5557180000000024 0.07054245470955245 0.05413915763803735
"b'SPLUS-n13s03 '" "b'iDR3.SPLUS-n13s03.057060 '" 152.80791521346245 -15.60433140022648 2.420255 19 3.4856503 16.26698 12.0 0 0.95706594 22.54692 21.83512 21.19925 21.079657 20.849596 20.352081 20.06232 19.975113 19.562714 19.940891 20.031855 19.794096 0.5083266 0.44440982 0.4360524 0.3455159 0.28405327 0.058320235 0.108349584 0.04085636 0.03426834 0.053794213 0.11427981 0.08470507 0.03422199999999975 0.4123990000000006 0.0675504219434562 0.05332505301268063
"b'SPLUS-n05s02 '" "b'iDR3.SPLUS-n05s02.028480 '" 150.66904327121975 -5.339130259517758 2.2992418 19 3.6434865 15.595685 12.0 0 0.95925534 23.488655 22.68269 22.273752 21.105494 21.416264 21.463022 20.412075 19.897018 18.471298 19.013714 18.742027 18.635834 1.8447813 1.2863603 1.38188 0.45773956 0.5840782 0.22415292 0.18540229 0.050544854 0.018717263 0.030495716 0.049846567 0.03904069 0.883303999999999 1.4257199999999983 0.05903194863998623 0.053899148417136285
