Star-v5/18r20-emitters/Halpha-DR3-SPLUS-PStotal-STAR-18r20-v5-v2-Final.ecsv
# %ECSV 1.0
# ---
# datatype:
# - {name: Field, datatype: string}
# - {name: ID, datatype: string}
# - {name: RA, datatype: float64}
# - {name: DEC, datatype: float64}
# - {name: FWHM, datatype: float64}
# - {name: ISOarea, datatype: int64}
# - {name: KRON_RADIUS, datatype: float64}
# - {name: MU_MAX, datatype: float64}
# - {name: nDet_PStotal, datatype: float64}
# - {name: PhotoFlagDet, datatype: int64}
# - {name: CLASS_STAR, datatype: float64}
# - {name: u_PStotal, datatype: float64}
# - {name: J0378_PStotal, datatype: float64}
# - {name: J0395_PStotal, datatype: float64}
# - {name: J0410_PStotal, datatype: float64}
# - {name: J0430_PStotal, datatype: float64}
# - {name: g_PStotal, datatype: float64}
# - {name: J0515_PStotal, datatype: float64}
# - {name: r_PStotal, datatype: float64}
# - {name: J0660_PStotal, datatype: float64}
# - {name: i_PStotal, datatype: float64}
# - {name: J0861_PStotal, datatype: float64}
# - {name: z_PStotal, datatype: float64}
# - {name: e_u_PStotal, datatype: float64}
# - {name: e_J0378_PStotal, datatype: float64}
# - {name: e_J0395_PStotal, datatype: float64}
# - {name: e_J0410_PStotal, datatype: float64}
# - {name: e_J0430_PStotal, datatype: float64}
# - {name: e_g_PStotal, datatype: float64}
# - {name: e_J0515_PStotal, datatype: float64}
# - {name: e_r_PStotal, datatype: float64}
# - {name: e_J0660_PStotal, datatype: float64}
# - {name: e_i_PStotal, datatype: float64}
# - {name: e_J0861_PStotal, datatype: float64}
# - {name: e_z_PStotal, datatype: float64}
# - {name: r - i, datatype: float64}
# - {name: r - J0660, datatype: float64}
# - {name: e(r - i), datatype: float64}
# - {name: e(r - J0660), datatype: float64}
# schema: astropy-2.0
Field ID RA DEC FWHM ISOarea KRON_RADIUS MU_MAX nDet_PStotal PhotoFlagDet CLASS_STAR u_PStotal J0378_PStotal J0395_PStotal J0410_PStotal J0430_PStotal g_PStotal J0515_PStotal r_PStotal J0660_PStotal i_PStotal J0861_PStotal z_PStotal e_u_PStotal e_J0378_PStotal e_J0395_PStotal e_J0410_PStotal e_J0430_PStotal e_g_PStotal e_J0515_PStotal e_r_PStotal e_J0660_PStotal e_i_PStotal e_J0861_PStotal e_z_PStotal "r - i" "r - J0660" "e(r - i)" "e(r - J0660)"
[from data line 68]
"b'HYDRA-0142   '" "b'iDR3.HYDRA-0142.063103   '" 159.40928506180538 -43.24492827419765 2.0056453 42 3.4431107 13.673707 12.0 0 0.9771326 23.021526 21.435354 21.89086 21.121674 20.423344 19.519325 19.310633 18.167662 17.50917 17.337307 17.047749 16.95761 0.8521091 0.3079448 0.7431351 0.32009044 0.17000109 0.030165056 0.05487423 0.011818421 0.009851957 0.00857642 0.014271472 0.010464926 0.8303550000000008 0.658491999999999 0.014602398945024103 0.015386231886433078
"b'HYDRA-0157   '" "b'iDR3.HYDRA-0157.000167   '" 160.28461986846142 -46.63741323754225 2.203258 47 3.054133 14.302882 12.0 0 0.9824145 22.041431 21.145794 21.505775 20.113487 19.856411 19.1699 19.09153 18.058727 17.592804 17.584858 17.432543 17.333261 0.3909234 0.2826359 0.64955246 0.1746973 0.123238005 0.026006775 0.053774595 0.011805154 0.010042507 0.010113296 0.01620745 0.012874111 0.47386900000000054 0.4659230000000001 0.015544787452626427 0.015498826013887796
"b'HYDRA-0153   '" "b'iDR3.HYDRA-0153.031942   '" 152.48015009360023 -46.37643828069124 2.1168683 40 3.4144418 14.153047 12.0 0 0.97257507 20.879204 21.179844 20.788898 19.827063 19.598305 18.923964 18.741615 18.05608 17.47955 17.66386 17.475693 17.482697 0.16894603 0.3126404 0.3516043 0.15026346 0.1154596 0.03135402 0.05191837 0.013623824 0.010855772 0.012883728 0.021993184 0.019134853 0.3922200000000018 0.5765300000000018 0.018750974042992006 0.017419999026950603
"b'HYDRA-0068   '" "b'iDR3.HYDRA-0068.027633   '" 151.09317200168718 -32.43900502355144 2.3126743 52 3.8336704 14.589284 12.0 0 0.97534174 20.813631 21.068233 20.255388 20.18934 19.685362 19.063433 19.013002 18.268864 17.834679 17.93947 17.844755 17.808296 0.18140979 0.3182114 0.22491595 0.20462847 0.118747465 0.028889326 0.05625882 0.0142821 0.011973291 0.013070946 0.023845602 0.018406391 0.32939400000000063 0.4341849999999994 0.019360475452449923 0.018637008284075024
"b'SPLUS-s02s03 '" "b'iDR3.SPLUS-s02s03.000573 '" 328.08176535248805 -2.0652220859023367 2.5874863 34 3.0141366 14.012265 12.0 0 0.9973638 19.313763 19.029299 18.795086 18.874725 18.755154 18.629429 18.32122 18.268726 17.918621 18.029556 17.701077 18.987537 0.033271205 0.04457501 0.05690223 0.053794134 0.04800858 0.016699797 0.028604904 0.011968436 0.0118047595 0.012120808 0.019090094 0.04245358 0.23917000000000144 0.3501049999999992 0.017034008537597956 0.016810586162859888
"b'SPLUS-s02s08 '" "b'iDR3.SPLUS-s02s08.012494 '" 334.0131661783021 -1.7820701922332376 2.2188406 45 3.4873247 14.190959 12.0 0 0.982273 23.364273 22.488892 21.85411 21.440712 20.785297 19.663868 19.595734 18.334682 17.568224 17.598072 17.291645 17.214306 1.5509137 0.8932749 0.7605817 0.4443519 0.23178568 0.032694094 0.06881648 0.0131386155 0.009730204 0.009812504 0.01517331 0.011461135 0.7366100000000024 0.7664580000000001 0.016398428339534744 0.016349314577022985
"b'SPLUS-s02s07 '" "b'iDR3.SPLUS-s02s07.034127 '" 332.2165318654766 -1.1010232176217527 3.279517 75 3.788131 15.069258 12.0 0 0.98016405 18.765472 18.292253 18.466774 18.593342 18.46107 18.58442 18.449085 18.305153 17.847908 18.185148 17.859247 17.6395 0.028009025 0.030977612 0.052953582 0.05243132 0.045889392 0.018388527 0.03745147 0.014562063 0.012710869 0.016540296 0.025267689 0.017069828 0.12000499999999903 0.45724500000000035 0.02203712936349889 0.019329249068474698
"b'SPLUS-s30s35 '" "b'iDR3.SPLUS-s30s35.033955 '" 59.14014798995329 -38.63571522809396 1.7891439 31 3.371279 13.860921 12.0 0 0.99552107 21.762348 22.097046 21.190374 20.482426 20.541924 19.427422 19.39399 18.283802 17.763779 17.69386 17.5308 17.47425 0.34769967 0.753077 0.56052077 0.2794465 0.28362653 0.041039433 0.08070479 0.0141010815 0.011548806 0.010732227 0.018353099 0.014331133 0.5899420000000006 0.5200230000000019 0.017720643212061217 0.01822677754007214
"b'SPLUS-s26s40 '" "b'iDR3.SPLUS-s26s40.023765 '" 63.06902708588149 -33.550370301593475 3.0618792 57 4.236185 14.813852 12.0 0 0.9816074 22.242716 21.961308 20.825735 20.41967 20.119373 19.475922 19.512947 18.327873 17.718563 17.847435 17.718735 17.59766 0.4138622 0.5481657 0.29415852 0.18756948 0.13150114 0.02889154 0.06561892 0.013723087 0.0112539455 0.012715156 0.024906825 0.01818533 0.4804379999999995 0.6093100000000007 0.01870824173763812 0.01774751830895067
b'STRIPE82-0109' b'iDR3.STRIPE82-0109.074729' 316.0076143384944 0.0359188069425535 3.0909069 78 1.82 15.534078 8.0 0 0.98266697 99.0 99.0 99.0 21.225132 99.0 19.561039 19.84064 18.27605 17.50776 17.624546 18.171432 17.3485 22.675425 21.985554 21.358257 0.32381976 21.62747 0.01793302 0.07873944 0.007993859 0.007275994 0.006440672 0.02443575 0.008047126 0.6515040000000027 0.7682900000000004 0.010265672775004326 0.010809341811595978
b'STRIPE82-0121' b'iDR3.STRIPE82-0121.000838' 324.5901028960604 -1.3707793318028545 5.274572 58 3.0954928 15.061962 9.0 0 0.6929408 99.0 22.645052 99.0 99.0 24.098196 21.06887 19.626575 18.236496 17.88811 18.11299 17.115433 16.153038 21.995962 0.8160847 20.820658 21.065155 6.817476 0.11772661 0.0855036 0.016636241 0.012055612 0.015243689 0.014490481 0.005983012 0.123505999999999 0.34838599999999786 0.022564010479939108 0.020545128262063124
b'STRIPE82-0142' b'iDR3.STRIPE82-0142.027354' 338.66637521384126 0.6909664418071105 2.4374063 51 4.3506565 15.456058 12.0 0 0.9854381 18.294277 18.220833 18.19443 18.598942 18.343256 18.582764 18.380512 18.398228 17.67389 18.122437 17.746935 17.861889 0.023267688 0.031804767 0.046309333 0.050499875 0.03763281 0.01775638 0.033329964 0.015771845 0.010944309 0.016072845 0.02565973 0.022450542 0.2757909999999981 0.7243379999999995 0.02251860211243251 0.0191971090060849
b'STRIPE82-0093' b'iDR3.STRIPE82-0093.119693' 304.4400106528398 0.0362639861163008 3.4845593 65 1.82 15.962987 12.0 0 0.9179222 21.19616 21.26368 20.864643 20.879513 19.7919 19.123909 18.748016 18.415695 18.066444 18.22123 17.890274 17.988749 0.21487762 0.33139762 0.3675148 0.31293407 0.112950936 0.026661009 0.04189642 0.015744856 0.013321192 0.01617197 0.023591742 0.02164491 0.194465000000001 0.34925099999999887 0.022570624806186382 0.020624127781838437
b'STRIPE82-0093' b'iDR3.STRIPE82-0093.120557' 304.93871078553326 0.0467576000440062 2.6444 39 2.5385969 15.071614 10.0 0 0.97916836 22.344093 99.0 99.0 19.263254 19.362162 18.730125 18.439613 18.308113 17.68257 17.5994 17.411839 17.364977 0.5999497 21.629524 21.104994 0.077842735 0.07868571 0.02010912 0.033221528 0.014598324 0.010488799 0.010426093 0.016651824 0.013302103 0.7087129999999995 0.6255430000000004 0.017939188355486572 0.017975704939483653
b'STRIPE82-0110' b'iDR3.STRIPE82-0110.033867' 315.8375085837754 0.5862784074970473 2.2394502 52 3.6269634 14.975204 12.0 0 0.97843176 20.834448 20.558014 20.352295 19.552212 19.391523 19.027494 18.805058 18.374893 17.895567 17.919199 17.595531 17.615265 0.15179498 0.18234947 0.25747788 0.09575228 0.07746957 0.02072819 0.043978367 0.01472875 0.014394547 0.012193601 0.018235141 0.015421357 0.45569400000000115 0.47932600000000036 0.019121191958392684 0.02059463667797296
b'STRIPE82-0046' b'iDR3.STRIPE82-0046.035945' 31.32290815253848 1.2030121061937862 2.7316883 43 3.93797 15.638469 12.0 0 0.99077535 19.781834 19.065248 18.864288 18.81609 18.766834 18.572632 18.509357 18.316832 17.751074 18.275196 18.40799 18.315636 0.08626303 0.06312598 0.08155401 0.07030137 0.057752587 0.01999539 0.044784877 0.01602408 0.013205794 0.018022098 0.049470518 0.031823795 0.04163600000000045 0.5657580000000024 0.024115703517998473 0.020764492168527406
b'STRIPE82-0087' b'iDR3.STRIPE82-0087.103801' 300.67059829952507 -0.4641226590990018 3.1876273 66 3.5397062 16.038403 12.0 0 0.98028064 20.494772 20.067307 20.130144 19.455915 19.385845 18.95758 18.838268 18.379301 17.405396 18.149696 18.052576 18.025013 0.100096285 0.15567003 0.22953063 0.08851857 0.07797461 0.017693795 0.04053231 0.01253923 0.008272012 0.013239066 0.02419531 0.020233687 0.22960500000000295 0.973905000000002 0.01823472395034419 0.015021933015462558
b'STRIPE82-0087' b'iDR3.STRIPE82-0087.069764' 300.86082216553325 -0.765090882378296 3.065399 61 3.133055 15.99384 12.0 0 0.9809341 20.798658 19.817078 19.903625 19.509377 19.184353 18.945364 18.78582 18.3369 17.693785 18.120588 18.019361 18.001879 0.126119 0.1215558 0.18158147 0.092038535 0.065538295 0.017437499 0.03864096 0.011997296 0.009865692 0.012814072 0.023366446 0.019679045 0.2163119999999985 0.6431150000000017 0.01755379026116012 0.015532771483237626
b'STRIPE82-0087' b'iDR3.STRIPE82-0087.026422' 301.08418962540094 -1.1362673428437025 2.9802475 61 3.1334295 15.836346 12.0 0 0.98137283 21.438654 21.876692 20.63355 20.020372 19.88523 19.212238 19.05022 18.324282 17.21734 17.92406 17.788904 17.72639 0.21509309 0.72687364 0.33553332 0.14417666 0.119300485 0.02136292 0.048065554 0.01176339 0.00719377 0.011071468 0.019586796 0.015766898 0.4002219999999994 1.106942 0.016154093845435095 0.013788679092103058
b'STRIPE82-0087' b'iDR3.STRIPE82-0087.156162' 301.0385160630706 -0.0629441550001092 3.2620885 66 3.4714952 16.070059 12.0 0 0.98011106 20.193945 19.754755 19.809902 19.339933 19.243702 18.962996 18.77071 18.43643 17.917223 18.189638 18.100487 18.065266 0.0735804 0.11357477 0.16464557 0.07940755 0.068569586 0.017605636 0.038046174 0.01278956 0.011396186 0.01360227 0.024989545 0.020790184 0.2467920000000028 0.5192070000000015 0.01867068810050931 0.01713026270493818
b'STRIPE82-0087' b'iDR3.STRIPE82-0087.157107' 300.6738330735259 -0.0252031361399848 3.1578639 71 4.152257 15.87404 12.0 0 0.98043144 20.636917 19.916513 19.736076 19.48731 19.29341 18.891676 18.740055 18.254942 17.848549 18.003252 17.897522 17.888462 0.10901348 0.13172647 0.15618451 0.09119097 0.0723962 0.016907407 0.03759855 0.011408308 0.01104062 0.011906346 0.021432035 0.018108545 0.25168999999999997 0.40639300000000134 0.01648971092816912 0.015875918285480812
b'STRIPE82-0087' b'iDR3.STRIPE82-0087.158623' 301.0239178565511 -0.0588169086353549 3.2093759 65 4.1970673 15.965189 12.0 0 0.9794149 20.243711 19.95112 20.050419 19.193384 19.123152 18.827288 18.575314 18.335234 17.85835 18.114191 18.031977 18.04306 0.0764291 0.1335571 0.20244037 0.071209766 0.062944986 0.016149934 0.03307879 0.012011177 0.011051054 0.012969785 0.023801409 0.020552468 0.2210429999999981 0.4768839999999983 0.017677208373257185 0.01632158593508134
b'STRIPE82-0131' b'iDR3.STRIPE82-0131.016374' 332.21654479357403 -1.1010212789856892 2.338087 88 3.9647267 14.337829 12.0 0 0.90417165 18.641483 18.18602 18.45527 18.5016 18.346493 18.436134 18.334227 18.222519 17.839293 18.163906 17.79504 17.61721 0.021375151 0.023533283 0.039969932 0.03737044 0.032649755 0.0139156 0.027456721 0.011781944 0.011087828 0.013018418 0.019091394 0.013560944 0.058612999999997584 0.38322599999999696 0.017558286124843163 0.016178817452975974
b'STRIPE82-0146' b'iDR3.STRIPE82-0146.016642' 341.8715948722631 0.4312362304896879 3.7122736 45 3.585649 15.373221 12.0 0 0.9773549 20.307358 19.793247 19.619844 19.29942 19.31449 18.985804 18.85167 18.43985 18.022444 18.261684 18.214828 18.202179 0.08861207 0.09040102 0.11433045 0.07715984 0.07130398 0.020930383 0.041120972 0.014714864 0.013314649 0.018446043 0.03969373 0.03294146 0.17816600000000093 0.4174059999999997 0.023596265062427676 0.019844573578983674
b'STRIPE82-0101' b'iDR3.STRIPE82-0101.104661' 310.2489476266559 0.0340016372706746 3.0779727 58 1.82 15.545176 12.0 0 0.9828195 20.904408 19.742664 19.804512 19.32545 19.25984 18.691078 18.496643 18.377113 18.094406 18.3292 17.96946 17.835234 0.11105018 0.06290653 0.10400624 0.0600298 0.05346918 0.012423931 0.026358 0.010617333 0.009935051 0.012251992 0.019029833 0.01356514 0.047913000000001205 0.28270700000000204 0.016212312234871157 0.014540735827511963
b'STRIPE82-0153' b'iDR3.STRIPE82-0153.054672' 347.4423475040321 0.0136153759642055 2.6323106 84 4.009571 15.1975765 12.0 0 0.8192443 19.115383 18.66745 18.885777 18.804716 18.65346 18.671017 18.634342 18.319868 18.028612 18.308903 17.953531 17.762356 0.033598356 0.03560074 0.06426396 0.048014585 0.041780416 0.015305911 0.034960125 0.012424461 0.012307469 0.01480139 0.026336605 0.015900252 0.010964999999998781 0.2912560000000006 0.019324812471861685 0.017488311077016042
b'STRIPE82-0099' b'iDR3.STRIPE82-0099.109652' 309.11402542618754 0.0409093863761342 2.4419062 48 2.385027 15.410614 11.0 0 0.98001605 21.288227 20.232016 99.0 20.224886 19.876375 18.995739 19.341125 18.443026 17.398005 18.262575 17.36852 18.108868 0.15782891 0.0795147 21.849623 0.090557225 0.06439735 0.015278093 0.03749706 0.011202041 0.0051348275 0.012767619 0.011242735 0.014236126 0.18045100000000147 1.0450209999999984 0.016985223504412356 0.012322831493631536
b'STRIPE82-0089' b'iDR3.STRIPE82-0089.018942' 301.3750795919532 -1.1692244793879858 3.1248956 54 2.9232068 15.898368 12.0 0 0.9749729 20.932034 20.445059 20.28073 20.083355 19.714724 19.119223 18.87774 18.3452 17.968567 18.030521 17.954283 17.874691 0.13097773 0.18911588 0.31408742 0.18896899 0.16253063 0.028816003 0.06401992 0.016841844 0.015571574 0.015701063 0.03276435 0.02293172 0.31467899999999815 0.3766329999999982 0.023025444374654425 0.022937341305343393
b'STRIPE82-0140' b'iDR3.STRIPE82-0140.022345' 337.9771556201932 0.4740770469146178 2.1469607 52 3.3984594 13.988002 12.0 0 0.9817525 21.997967 21.368465 23.553164 20.897594 20.738283 19.57592 19.473259 18.250338 17.736675 17.547619 17.332087 17.217731 0.2761593 0.25500742 2.9210455 0.24945714 0.20322877 0.029018298 0.05892526 0.011873589 0.010042691 0.008738955 0.014483697 0.010358149 0.7027189999999983 0.5136629999999975 0.014742844034749401 0.015551133664861928
b'STRIPE82-0070' b'iDR3.STRIPE82-0070.018451' 48.53427858851096 0.5099320250993847 2.9536304 53 3.7012248 15.07808 12.0 0 0.98010284 20.702848 20.110031 20.296036 19.555939 19.487774 19.013752 18.873974 18.407345 18.04656 18.137812 18.027287 17.950142 0.16868347 0.15420368 0.21624444 0.089514636 0.08317279 0.022221178 0.047504105 0.014989124 0.013704985 0.015420194 0.027971966 0.022814373 0.26953299999999913 0.3607849999999999 0.0215047953090703 0.020310107142445136
"b'SPLUS-s24s04 '" "b'iDR3.SPLUS-s24s04.008021 '" 5.3969578009034045 -31.405286583477512 4.0460343 103 3.915915 14.804882 12.0 0 0.982415 19.585646 19.505302 19.395733 19.333408 19.299763 19.074684 18.930056 18.355345 17.662224 17.142282 16.634232 16.455063 0.04483101 0.07730795 0.11042772 0.10947036 0.087694064 0.026767988 0.051027205 0.015147808 0.011436134 0.008246067 0.011430358 0.008141027 1.2130629999999982 0.6931210000000014 0.017246846325440282 0.018980022341157032
"b'SPLUS-s20s35 '" "b'iDR3.SPLUS-s20s35.000191 '" 334.9272437679506 -26.29291004337753 5.164477 62 3.9617565 15.590724 12.0 0 0.99152106 19.603004 19.304384 19.139008 19.039059 18.676853 18.676193 18.438818 18.28761 17.850296 18.178581 18.095398 18.142776 0.04142783 0.05458282 0.08151332 0.07038557 0.054288477 0.019154176 0.034846045 0.013289217 0.012031223 0.015392973 0.032276638 0.02612228 0.1090289999999996 0.43731400000000065 0.02033585272989107 0.017926338592942456
"b'SPLUS-s25s19 '" "b'iDR3.SPLUS-s25s19.022870 '" 28.10776950117924 -32.25675605689198 2.5694659 40 3.7802851 14.8203335 12.0 0 0.9819784 19.635986 19.2846 19.337902 19.314812 19.15686 18.99862 18.834545 18.35965 18.012253 18.19587 18.155243 18.17371 0.057324022 0.069800064 0.111575864 0.10194848 0.08884481 0.029885765 0.051921267 0.015480126 0.014039898 0.015410442 0.028234053 0.023211427 0.16377999999999915 0.3473969999999973 0.02184298568445349 0.020898637200216667
