Star-v5/18r20-emitters/Halpha-DR3-SPLUS-PStotal-STAR-18r20-v5-v2-Final.ecsv
# %ECSV 1.0
# ---
# datatype:
# - {name: Field, datatype: string}
# - {name: ID, datatype: string}
# - {name: RA, datatype: float64}
# - {name: DEC, datatype: float64}
# - {name: FWHM, datatype: float64}
# - {name: ISOarea, datatype: int64}
# - {name: KRON_RADIUS, datatype: float64}
# - {name: MU_MAX, datatype: float64}
# - {name: nDet_PStotal, datatype: float64}
# - {name: PhotoFlagDet, datatype: int64}
# - {name: CLASS_STAR, datatype: float64}
# - {name: u_PStotal, datatype: float64}
# - {name: J0378_PStotal, datatype: float64}
# - {name: J0395_PStotal, datatype: float64}
# - {name: J0410_PStotal, datatype: float64}
# - {name: J0430_PStotal, datatype: float64}
# - {name: g_PStotal, datatype: float64}
# - {name: J0515_PStotal, datatype: float64}
# - {name: r_PStotal, datatype: float64}
# - {name: J0660_PStotal, datatype: float64}
# - {name: i_PStotal, datatype: float64}
# - {name: J0861_PStotal, datatype: float64}
# - {name: z_PStotal, datatype: float64}
# - {name: e_u_PStotal, datatype: float64}
# - {name: e_J0378_PStotal, datatype: float64}
# - {name: e_J0395_PStotal, datatype: float64}
# - {name: e_J0410_PStotal, datatype: float64}
# - {name: e_J0430_PStotal, datatype: float64}
# - {name: e_g_PStotal, datatype: float64}
# - {name: e_J0515_PStotal, datatype: float64}
# - {name: e_r_PStotal, datatype: float64}
# - {name: e_J0660_PStotal, datatype: float64}
# - {name: e_i_PStotal, datatype: float64}
# - {name: e_J0861_PStotal, datatype: float64}
# - {name: e_z_PStotal, datatype: float64}
# - {name: r - i, datatype: float64}
# - {name: r - J0660, datatype: float64}
# - {name: e(r - i), datatype: float64}
# - {name: e(r - J0660), datatype: float64}
# schema: astropy-2.0
Field ID RA DEC FWHM ISOarea KRON_RADIUS MU_MAX nDet_PStotal PhotoFlagDet CLASS_STAR u_PStotal J0378_PStotal J0395_PStotal J0410_PStotal J0430_PStotal g_PStotal J0515_PStotal r_PStotal J0660_PStotal i_PStotal J0861_PStotal z_PStotal e_u_PStotal e_J0378_PStotal e_J0395_PStotal e_J0410_PStotal e_J0430_PStotal e_g_PStotal e_J0515_PStotal e_r_PStotal e_J0660_PStotal e_i_PStotal e_J0861_PStotal e_z_PStotal "r - i" "r - J0660" "e(r - i)" "e(r - J0660)"
[from data line 684]
"b'HYDRA-0154   '" "b'iDR3.HYDRA-0154.075472   '" 155.27988996495824 -46.11456285338626 2.2816198 20 3.4256916 15.617006 12.0 0 0.95250964 20.96499 20.457935 20.250856 20.12719 20.13806 19.839317 19.795761 19.539108 19.143307 19.439514 19.144955 19.1764 0.15007079 0.14294408 0.1856562 0.14046077 0.13166921 0.03945419 0.080928326 0.03679506 0.03223041 0.046785478 0.08012484 0.070306726 0.09959399999999974 0.39580099999999874 0.05952106679228863 0.04891498511879258
"b'HYDRA-0054   '" "b'iDR3.HYDRA-0054.045634   '" 158.41005147345388 -29.50273442149675 2.251911 34 3.6449308 15.819302 12.0 0 0.999053 20.089365 19.780293 19.854464 19.939522 20.010807 19.821089 19.795029 19.401007 19.099915 19.425322 19.44424 19.46967 0.038404197 0.045091692 0.076632164 0.06426089 0.0652475 0.020575099 0.044319548 0.016010055 0.014798487 0.021479597 0.047972713 0.04164045 -0.02431500000000142 0.3010920000000006 0.026789829196645396 0.021801767785943275
"b'SPLUS-s02s12 '" "b'iDR3.SPLUS-s02s12.030884 '" 339.5190366559067 -0.6806727983117217 5.0747786 55 5.1875205 15.815478 9.0 0 0.70022666 99.0 23.65057 99.0 99.0 21.008207 20.92286 20.938532 19.49413 17.833687 18.059692 17.63974 17.478588 21.662199 5.0317836 20.491308 20.557575 0.6736697 0.284957 0.5075904 0.062032457 0.021185365 0.02560646 0.034740575 0.022225102 1.434438 1.6604429999999972 0.06710973487645774 0.06555032731909181
"b'SPLUS-s03s01 '" "b'iDR3.SPLUS-s03s01.006221 '" 324.469678643108 -3.2950425957190133 3.289187 43 4.769972 15.963675 12.0 0 0.76096433 22.06581 21.51173 22.197851 20.847786 21.230358 20.525543 20.58801 19.376322 18.21016 19.260677 18.626057 18.7509 0.3445208 0.33269948 1.0032015 0.27407625 0.36143717 0.066679 0.15726787 0.027670944 0.014106952 0.035736583 0.047428686 0.043969654 0.11564499999999711 1.166162 0.04519717365463271 0.03105941462071428
"b'SPLUS-s02s09 '" "b'iDR3.SPLUS-s02s09.042917 '" 335.88681821013813 -1.10412204251795 2.6692183 33 4.330189 15.800568 12.0 0 0.9727571 20.263588 20.186878 20.058247 19.68931 19.143238 19.54586 19.56427 19.413567 19.003593 19.228167 19.05246 18.915348 0.09633852 0.14192559 0.2041202 0.12708627 0.07347388 0.034451608 0.07704975 0.030150028 0.026541306 0.032127224 0.0638904 0.043444615 0.18540000000000134 0.40997400000000184 0.04405885507303793 0.04016796126997759
"b'SPLUS-s02s22 '" "b'iDR3.SPLUS-s02s22.031634 '" 353.3219479437302 -0.6527425486865257 2.4453773 32 3.634711 14.512323 10.0 0 0.981683 24.956675 99.0 99.0 20.16966 21.021854 20.890732 20.415403 19.367214 18.318457 17.880915 16.97553 16.923431 7.9961324 21.18809 20.67438 0.29990336 0.6834487 0.185992 0.25024056 0.038693413 0.019513568 0.0132383695 0.0143691795 0.009853168 1.486298999999999 1.048757000000002 0.04089541094801591 0.04333543060452028
"b'SPLUS-s29s34 '" "b'iDR3.SPLUS-s29s34.047709 '" 56.621215914899935 -37.15030515738393 3.0828502 32 4.464113 15.951171 12.0 0 0.9780369 19.494328 19.482792 19.479986 19.512726 19.562061 19.60654 19.785545 19.414734 19.016216 19.488077 19.451143 19.642265 0.04090501 0.064611726 0.10155739 0.097850926 0.099828035 0.032693367 0.08704325 0.026724132 0.023971576 0.034170102 0.08193278 0.069639504 -0.07334300000000127 0.39851799999999926 0.04337943178332132 0.035900079207115965
"b'SPLUS-s29s44 '" "b'iDR3.SPLUS-s29s44.000059 '" 72.82492579205852 -38.22045935423106 4.4014616 41 5.1877427 16.039751 12.0 0 0.95185286 22.814236 21.831715 20.35804 20.61737 20.338947 19.72956 20.285543 19.507502 18.253897 20.048306 17.479456 18.714943 0.7017767 0.50191987 0.25041032 0.27482662 0.21360905 0.039779477 0.15058398 0.032014366 0.015301857 0.06346834 0.01797703 0.036445122 -0.5408040000000014 1.2536050000000003 0.07108551056817103 0.03548332647921281
"b'SPLUS-s25s32 '" "b'iDR3.SPLUS-s25s32.014529 '" 49.14992228488951 -32.516244171886775 3.0161505 26 3.2081618 16.094313 12.0 0 0.9641106 19.704178 19.58855 19.63945 19.899231 19.948032 19.722057 19.840832 19.468414 19.116594 19.394016 19.40608 19.426315 0.055489592 0.07838723 0.13118951 0.14130469 0.14299259 0.042113736 0.09847862 0.02927606 0.024504788 0.033166233 0.07025169 0.05840367 0.07439799999999863 0.35182 0.04423897264329145 0.03817816554064042
"b'SPLUS-s24s43 '" "b'iDR3.SPLUS-s24s43.007952 '" 65.7596989895329 -31.3818581840434 5.1775937 45 3.879133 16.709684 12.0 0 0.8452912 19.717567 19.662086 19.967047 19.60798 19.556883 19.61274 19.6637 19.340672 19.088356 19.4618 19.472591 19.477066 0.04384478 0.072000414 0.16571616 0.0958272 0.087064385 0.032276094 0.07512051 0.024228664 0.023967378 0.03712537 0.10180645 0.07038573 -0.12112799999999879 0.25231600000000043 0.044331943977924046 0.0340802489342402
"b'SPLUS-s24s43 '" "b'iDR3.SPLUS-s24s43.013626 '" 66.36651421253734 -31.21415946631441 4.0035925 32 4.240429 16.439583 12.0 0 0.95692855 19.547508 19.48716 19.40083 19.520845 19.353586 19.447598 19.586802 19.39907 19.059849 19.323727 19.36891 19.373642 0.039966404 0.06500454 0.108510464 0.09026561 0.07519762 0.029014725 0.0713799 0.025443817 0.02370004 0.033284023 0.09303746 0.06428967 0.07534299999999661 0.33922099999999844 0.041895274322935494 0.034771823644023744
"b'SPLUS-s24s43 '" "b'iDR3.SPLUS-s24s43.026141 '" 65.87882577681161 -30.840599806443727 3.7511091 34 4.547756 16.420925 12.0 0 0.93810666 20.481815 20.180584 20.342382 20.34076 20.22828 19.94411 19.989199 19.389496 19.036896 19.203686 19.253025 19.119862 0.08159518 0.11386923 0.24221855 0.17594828 0.15119115 0.041513108 0.09841883 0.025488922 0.023529617 0.030357113 0.08433497 0.05168996 0.18581000000000003 0.35260000000000247 0.039638862930422875 0.03468901873632019
"b'SPLUS-s25s45 '" "b'iDR3.SPLUS-s25s45.006279 '" 70.43547151856541 -32.71316846642457 2.8649871 16 5.39934 16.177427 12.0 0 0.81431925 20.344894 20.612125 20.089924 20.34165 20.072912 19.924461 19.804174 19.534624 18.76458 19.99099 18.876526 19.381844 0.1418945 0.25678447 0.24026354 0.3130093 0.2609292 0.084055215 0.15129454 0.046374623 0.027855894 0.08397031 0.06584987 0.094922595 -0.45636599999999916 0.7700440000000022 0.09592506773460328 0.05409765696341538
"b'SPLUS-s28s42 '" "b'iDR3.SPLUS-s28s42.035583 '" 68.63260983525949 -36.09694917702268 2.1963334 32 3.9316602 15.517957 12.0 0 0.97005934 19.651615 19.205223 19.407042 19.592937 19.51873 19.543404 19.495007 19.362026 18.958344 19.361 19.125278 18.817533 0.04687757 0.055040777 0.10213192 0.101033434 0.09202324 0.031771705 0.07025131 0.026171891 0.022343606 0.03506644 0.06375533 0.041275393 0.0010259999999995273 0.4036819999999999 0.04375640630569975 0.03441227408351731
"b'SPLUS-s25s33 '" "b'iDR3.SPLUS-s25s33.020643 '" 51.340397707083454 -32.46067132187973 1.9058987 13 3.840614 15.291346 12.0 0 0.97036004 19.861198 19.555508 19.843441 20.001324 19.836956 19.979527 19.72599 19.538998 19.171314 19.512398 19.600677 19.552788 0.074915566 0.086790524 0.17299873 0.18658824 0.15447244 0.061747544 0.10359645 0.03415252 0.02832123 0.037182074 0.08856261 0.06432447 0.026599999999998403 0.36768400000000057 0.05048664426649761 0.04436763111845504
"b'SPLUS-s30s43 '" "b'iDR3.SPLUS-s30s43.039855 '" 71.65841972599098 -38.42222896338183 2.8593755 30 4.8535094 16.051758 12.0 0 0.9645963 19.612354 19.575777 19.693712 19.556503 19.705448 19.694593 19.59639 19.335838 18.983292 19.239786 19.26132 19.435802 0.045883276 0.07371877 0.13863055 0.13801204 0.12467758 0.039342515 0.08287803 0.02920695 0.025192035 0.038601995 0.09313128 0.08928796 0.09605200000000025 0.35254600000000025 0.04840619739540098 0.03857051407155115
"b'SPLUS-s30s43 '" "b'iDR3.SPLUS-s30s43.011282 '" 71.69218722150715 -39.22885288394213 2.5554776 21 3.0689616 16.10006 12.0 0 0.9621154 19.663883 19.729235 19.896757 20.14526 19.883179 19.897718 19.82737 19.525639 19.197678 19.460041 19.454792 19.601448 0.04722412 0.08219108 0.16226786 0.22411822 0.14397591 0.0457012 0.099352755 0.03373481 0.02936312 0.046032295 0.109793596 0.10296226 0.06559800000000138 0.32796100000000195 0.05707021630152741 0.044723933434689084
"b'SPLUS-s24s44 '" "b'iDR3.SPLUS-s24s44.016353 '" 67.21902099610418 -31.10367663026357 3.2091637 28 4.12854 16.47351 12.0 0 0.9196081 19.605358 19.669373 20.032784 20.141489 20.218727 19.93535 19.841412 19.550034 19.127766 19.479145 19.7829 19.701843 0.06477729 0.09000511 0.17282777 0.16900446 0.17550339 0.050181452 0.09734266 0.0343775 0.027898453 0.042936567 0.15543754 0.11066989 0.07088900000000109 0.422267999999999 0.05500328437462157 0.04427342528021984
"b'SPLUS-s26s43 '" "b'iDR3.SPLUS-s26s43.013204 '" 67.90885882735834 -33.835816475531345 3.3672848 29 4.8180237 16.006351 12.0 0 0.60616165 19.479216 19.242836 19.395294 19.469494 19.551083 19.554596 19.470245 19.34691 19.04363 19.348988 19.406868 19.439505 0.0514451 0.06721593 0.14535733 0.12743334 0.117150545 0.05262311 0.08565476 0.03231477 0.028656956 0.039566927 0.10320794 0.082810715 -0.0020779999999973597 0.3032800000000009 0.051086065344438394 0.04319103480282495
"b'SPLUS-s26s30 '" "b'iDR3.SPLUS-s26s30.041692 '" 46.03047609452898 -33.145973678453394 3.2955654 42 5.1115346 16.374435 12.0 0 0.5934808 21.249418 21.36427 21.106308 21.480183 20.545994 20.413185 19.914146 19.442158 18.478489 19.546196 18.881348 19.07823 0.1494846 0.29396284 0.4190929 0.53005445 0.2264774 0.063778974 0.10220136 0.026835334 0.01673946 0.038685758 0.050421327 0.046795975 -0.10403799999999919 0.9636689999999994 0.047082088132602194 0.031628225874733414
"b'SPLUS-s26s33 '" "b'iDR3.SPLUS-s26s33.018981 '" 51.95562972916677 -33.699617307354536 2.5745506 29 3.7603943 16.13958 12.0 0 0.97455686 19.70063 19.116833 19.85152 19.977715 19.83788 19.82583 19.9122 19.50676 19.147253 19.503897 19.675894 19.786137 0.04849541 0.052228022 0.14399317 0.13986619 0.11859982 0.04249499 0.09419357 0.030290233 0.027519237 0.040144756 0.12083359 0.10499382 0.002863000000001392 0.3595070000000007 0.05029015459803066 0.0409244012815882
"b'SPLUS-n05n53 '" "b'iDR3.SPLUS-n05n53.035734 '" 220.79459272685148 5.929779066343576 7.4193254 45 5.409256 17.132683 12.0 0 0.5725501 19.81009 19.919825 20.023739 19.861296 20.150784 19.800522 19.567646 19.41148 19.05857 19.383774 19.348206 19.362652 0.08145953 0.14328036 0.26454276 0.18422039 0.22362845 0.06415793 0.11209884 0.04910893 0.03939895 0.061781637 0.12727466 0.113763586 0.027706000000002007 0.3529100000000014 0.07892184536707608 0.06296002117889891
"b'SPLUS-s30s23 '" "b'iDR3.SPLUS-s30s23.021040 '" 38.16704474937851 -38.86321836830332 4.8831577 37 3.9125397 16.612082 12.0 0 0.8371706 20.2161 20.471375 20.259731 20.417522 19.994637 20.1972 20.056444 19.46584 19.051142 19.298973 19.300968 19.331417 0.09625082 0.1739974 0.22226186 0.20716009 0.14156526 0.06035672 0.12734665 0.028397921 0.030867029 0.043821532 0.09209313 0.08632212 0.16686699999999988 0.41469800000000134 0.05221846975878616 0.04194300175725483
"b'SPLUS-s38s30 '" "b'iDR3.SPLUS-s38s30.047134 '" 59.446473126933135 -48.65825798874877 3.151502 29 4.5366735 16.225895 12.0 0 0.95501107 22.383163 22.775578 20.682543 20.709625 20.1998 19.785686 19.352638 19.519928 19.082497 19.34155 19.329033 19.28786 0.4412237 1.216777 0.26637134 0.23464102 0.15085724 0.03760753 0.060130473 0.030610807 0.027199632 0.039454177 0.08356533 0.069095194 0.1783779999999986 0.4374310000000001 0.04993649555123565 0.04094925501308507
b'STRIPE82-0155' b'iDR3.STRIPE82-0155.024313' 348.299611065616 -0.7605497687369258 2.328665 24 3.875171 16.376596 12.0 0 0.969334 19.809948 19.802359 19.835371 19.918865 19.92769 19.85315 19.875853 19.362047 19.016846 19.28587 19.323357 19.317848 0.06302392 0.08988469 0.1489552 0.1253626 0.11523855 0.03603049 0.09662978 0.027421037 0.024628768 0.035198987 0.07394559 0.066686705 0.07617700000000127 0.3452009999999994 0.04461930026324413 0.036857692322677944
b'STRIPE82-0161' b'iDR3.STRIPE82-0161.039767' 353.25093145251367 -0.3418033383059611 2.9522977 26 4.5644364 16.03539 12.0 0 0.94614226 21.520702 21.15973 20.648195 20.835258 20.267132 19.85534 19.574568 19.390781 19.018433 19.332972 19.12246 19.143764 0.22035412 0.25336814 0.23174874 0.23519725 0.14906317 0.03817182 0.07037701 0.029501772 0.026110593 0.04581802 0.08335619 0.083677515 0.05780899999999889 0.3723479999999988 0.05449445391836112 0.03939692396560464
b'STRIPE82-0106' b'iDR3.STRIPE82-0106.008295' 313.2650726728659 0.1465844598352881 4.1638045 25 5.5641236 16.038254 12.0 0 0.90302646 20.893251 21.032295 20.617943 20.695755 20.036446 19.829227 19.644598 19.348366 18.137886 19.363308 19.142487 19.182959 0.27666745 0.42822462 0.42112118 0.4266637 0.22443894 0.07637479 0.122786775 0.039317418 0.017780565 0.04837427 0.08033994 0.070030026 -0.014942000000001343 1.210479999999997 0.06233722287862705 0.043150988979465454
b'STRIPE82-0106' b'iDR3.STRIPE82-0106.052252' 313.3198559349733 0.9892076810353208 2.7565436 17 3.055261 15.781547 9.0 0 0.88508457 99.0 21.498085 21.51196 99.0 99.0 21.017244 20.1012 19.463802 18.64885 19.023869 18.868216 18.822313 21.465086 0.69960856 1.0131246 20.811188 20.865852 0.22419877 0.18611805 0.04436753 0.026957683 0.0365238 0.06358941 0.0511233 0.4399329999999999 0.8149520000000017 0.05746708348908008 0.051915261638841706
b'STRIPE82-0055' b'iDR3.STRIPE82-0055.005798' 37.59970670687598 -1.2672872500408137 3.8048189 38 5.137221 16.352869 12.0 0 0.93266535 21.501898 20.526117 21.071133 20.733501 20.288486 19.957083 19.784325 19.402626 18.974052 19.146235 19.048777 19.061638 0.23622306 0.14785647 0.3611914 0.2736672 0.16730094 0.045951266 0.08993 0.03094771 0.026948707 0.033810023 0.06425924 0.05402309 0.2563910000000007 0.4285740000000011 0.0458353401809633 0.04103649062987659
b'STRIPE82-0143' b'iDR3.STRIPE82-0143.016256' 339.6845594683822 -0.948694319373839 3.0198345 31 4.339836 16.922379 12.0 0 0.9345752 19.795774 19.637096 19.76396 19.91589 19.44207 19.560654 19.68013 19.387836 19.046614 19.36132 19.422232 19.477354 0.065515146 0.08676496 0.14002346 0.12205037 0.07700821 0.032962825 0.0816201 0.029807521 0.024751058 0.038775843 0.08816967 0.08019427 0.026516000000000872 0.34122199999999836 0.04890863224959465 0.03874407284069145
b'STRIPE82-0145' b'iDR3.STRIPE82-0145.029745' 341.3799836615205 -0.7525947660724432 2.6037014 30 3.3108087 16.910837 12.0 0 0.97423893 19.961748 19.882862 19.77144 19.938765 20.070171 19.916544 19.93596 19.537605 19.09753 19.545143 19.625778 19.855024 0.052929025 0.07818775 0.11406091 0.10141972 0.106260285 0.030102603 0.08175552 0.024454327 0.021240292 0.030831134 0.08476828 0.07336929 -0.007538000000000267 0.4400750000000002 0.039351911424337256 0.03239080291175557
b'STRIPE82-0008' b'iDR3.STRIPE82-0008.036347' 3.898110576074378 0.8989176411595012 1.9836959 21 3.5386941 15.402916 12.0 0 0.9992613 19.79734 19.701622 19.868141 20.004776 19.945961 19.804089 19.928425 19.434254 18.986544 19.259834 19.269924 19.339272 0.048248827 0.065921776 0.1157477 0.10792827 0.096452564 0.032954905 0.08297783 0.025572853 0.02119464 0.031582877 0.07837867 0.0650854 0.1744199999999978 0.4477100000000007 0.040638023206803965 0.03321420743129676
b'STRIPE82-0008' b'iDR3.STRIPE82-0008.013742' 3.860510825587982 0.3037236200425542 2.3170936 21 4.06438 15.482566 12.0 0 0.9806733 19.692705 19.566334 19.589317 19.453459 19.453487 19.50542 19.540283 19.375103 19.117025 19.483028 19.560978 19.485882 0.043930966 0.05870574 0.09163465 0.070266284 0.06591976 0.026644275 0.06130479 0.024448255 0.023154583 0.037742615 0.10081926 0.07385372 -0.1079250000000016 0.2580779999999976 0.044969124514307034 0.033672717241840074
