Star-v5/18r20-emitters/Halpha-DR3-SPLUS-PStotal-STAR-18r20-v5-v2-Final.ecsv
# %ECSV 1.0
# ---
# datatype:
# - {name: Field, datatype: string}
# - {name: ID, datatype: string}
# - {name: RA, datatype: float64}
# - {name: DEC, datatype: float64}
# - {name: FWHM, datatype: float64}
# - {name: ISOarea, datatype: int64}
# - {name: KRON_RADIUS, datatype: float64}
# - {name: MU_MAX, datatype: float64}
# - {name: nDet_PStotal, datatype: float64}
# - {name: PhotoFlagDet, datatype: int64}
# - {name: CLASS_STAR, datatype: float64}
# - {name: u_PStotal, datatype: float64}
# - {name: J0378_PStotal, datatype: float64}
# - {name: J0395_PStotal, datatype: float64}
# - {name: J0410_PStotal, datatype: float64}
# - {name: J0430_PStotal, datatype: float64}
# - {name: g_PStotal, datatype: float64}
# - {name: J0515_PStotal, datatype: float64}
# - {name: r_PStotal, datatype: float64}
# - {name: J0660_PStotal, datatype: float64}
# - {name: i_PStotal, datatype: float64}
# - {name: J0861_PStotal, datatype: float64}
# - {name: z_PStotal, datatype: float64}
# - {name: e_u_PStotal, datatype: float64}
# - {name: e_J0378_PStotal, datatype: float64}
# - {name: e_J0395_PStotal, datatype: float64}
# - {name: e_J0410_PStotal, datatype: float64}
# - {name: e_J0430_PStotal, datatype: float64}
# - {name: e_g_PStotal, datatype: float64}
# - {name: e_J0515_PStotal, datatype: float64}
# - {name: e_r_PStotal, datatype: float64}
# - {name: e_J0660_PStotal, datatype: float64}
# - {name: e_i_PStotal, datatype: float64}
# - {name: e_J0861_PStotal, datatype: float64}
# - {name: e_z_PStotal, datatype: float64}
# - {name: r - i, datatype: float64}
# - {name: r - J0660, datatype: float64}
# - {name: e(r - i), datatype: float64}
# - {name: e(r - J0660), datatype: float64}
# schema: astropy-2.0
Field ID RA DEC FWHM ISOarea KRON_RADIUS MU_MAX nDet_PStotal PhotoFlagDet CLASS_STAR u_PStotal J0378_PStotal J0395_PStotal J0410_PStotal J0430_PStotal g_PStotal J0515_PStotal r_PStotal J0660_PStotal i_PStotal J0861_PStotal z_PStotal e_u_PStotal e_J0378_PStotal e_J0395_PStotal e_J0410_PStotal e_J0430_PStotal e_g_PStotal e_J0515_PStotal e_r_PStotal e_J0660_PStotal e_i_PStotal e_J0861_PStotal e_z_PStotal "r - i" "r - J0660" "e(r - i)" "e(r - J0660)"
[from data line 204]
"b'SPLUS-s20s23 '" "b'iDR3.SPLUS-s20s23.008757 '" 316.30574202280434 -26.057728139332315 5.543121 49 3.8321087 15.724202 12.0 0 0.9667405 20.273188 20.16016 19.856165 19.619278 19.405209 19.045254 18.783518 18.56583 18.23368 18.367853 18.273138 18.344156 0.07734618 0.12685017 0.16977109 0.12680711 0.09578818 0.02630219 0.04538055 0.01815507 0.018080862 0.024407068 0.059279423 0.049749322 0.19797699999999807 0.3321499999999986 0.030418933825193874 0.025622726969781025
"b'SPLUS-n07s02 '" "b'iDR3.SPLUS-n07s02.010498 '" 151.83334031277786 -8.577521587811994 2.2739906 39 3.9356163 14.638328 12.0 0 0.97742045 20.754652 20.383753 20.317068 19.573135 19.423702 19.037714 18.82882 18.478 18.080322 18.223993 18.13574 18.110151 0.14409804 0.15874614 0.21149631 0.10310041 0.08827628 0.025006678 0.044441637 0.015379414 0.013536631 0.015632646 0.028492756 0.02450012 0.2540070000000014 0.39767800000000264 0.021929568986751927 0.02048821011737133
"b'SPLUS-n17s05 '" "b'iDR3.SPLUS-n17s05.012277 '" 157.39313956567818 -21.93666364951833 2.7043948 60 3.1494565 14.958545 12.0 0 0.95782125 18.9188 18.408361 18.786728 18.680218 18.633448 18.68452 18.597633 18.46817 18.14576 18.46823 18.159863 17.926872 0.04771807 0.047003224 0.09321494 0.08695728 0.0775072 0.03446858 0.058595065 0.021237252 0.022404762 0.022369038 0.030752474 0.020742768 -5.999999999772854e-05 0.3224100000000014 0.03084468728252806 0.030870604671566576
"b'SPLUS-n15s04 '" "b'iDR3.SPLUS-n15s04.059546 '" 154.95639137241554 -18.20773018705503 2.1938193 49 3.6433585 14.719375 12.0 0 0.97588843 20.120926 19.850359 19.851334 19.438803 19.204311 18.873882 18.691198 18.465633 18.143879 18.344616 18.306147 18.28803 0.057832167 0.07711165 0.12646931 0.08331521 0.06726758 0.020323956 0.037463754 0.015142337 0.013608309 0.017430145 0.03144588 0.026817974 0.12101700000000193 0.3217540000000021 0.02308896542815624 0.02035869454707374
"b'SPLUS-n16s17 '" "b'iDR3.SPLUS-n16s17.011289 '" 173.70304403292303 -20.661757288721585 3.4960678 34 3.9421823 15.393511 12.0 0 0.970208 19.013657 18.919012 18.845179 18.950726 18.891636 18.795433 18.859344 18.528667 18.238733 18.49687 18.659016 18.587479 0.035890315 0.054486837 0.08510228 0.09714692 0.083984785 0.03292436 0.06681484 0.021083273 0.019106317 0.023097502 0.0586246 0.037956268 0.03179699999999741 0.2899339999999988 0.0312729755385146 0.028452693188818136
"b'SPLUS-n16s02 '" "b'iDR3.SPLUS-n16s02.018226 '" 151.894397417937 -20.29234976425421 3.3632896 52 3.8564012 15.188438 12.0 0 0.9558076 18.350266 18.056732 18.119976 18.485199 18.9183 19.053349 19.3792 18.606216 17.607883 17.940605 17.464329 17.575481 0.036703788 0.038728945 0.067056805 0.096737735 0.122966975 0.06499627 0.16855636 0.02931751 0.013845689 0.017126122 0.020449061 0.0194947 0.6656109999999984 0.9983329999999988 0.03395320967683297 0.03242251527079324
"b'SPLUS-n16s02 '" "b'iDR3.SPLUS-n16s02.032249 '" 152.13849511429348 -19.623063309986374 5.3646703 72 4.763089 15.93196 12.0 0 0.60058707 19.391205 19.095903 18.958893 18.84488 19.07277 18.443636 17.345745 18.61967 17.228981 18.673786 18.846004 18.65778 0.08865883 0.09110053 0.13593891 0.13227947 0.14101079 0.03855631 0.030863533 0.029647134 0.010677661 0.031236174 0.06292393 0.048988175 -0.0541160000000005 1.3906889999999983 0.0430656605728071 0.031511347144241184
"b'SPLUS-n14s14 '" "b'iDR3.SPLUS-n14s14.043823 '" 168.3145482143917 -17.226874216511824 2.5317185 51 4.7049584 14.839096 11.0 0 0.93092537 21.489069 20.897896 99.0 20.2952 19.734573 19.455204 19.297209 18.63132 18.099556 18.253576 18.191814 18.146206 0.2330337 0.28082088 21.13843 0.19996639 0.12243192 0.031776905 0.06487489 0.016511975 0.013475435 0.015698021 0.029867226 0.023475025 0.37774399999999986 0.531763999999999 0.022783177603597483 0.021312734851253838
"b'SPLUS-n05s02 '" "b'iDR3.SPLUS-n05s02.044246 '" 151.06712112260527 -4.724814772974634 5.8816514 100 3.974213 14.230542 12.0 0 0.91061485 26.275433 23.25019 21.849054 21.710428 23.272419 28.71256 21.592827 18.498245 17.106796 17.233803 16.418594 17.52721 23.817518 2.1524901 0.93590415 0.8029319 3.2262304 175.9568 0.53853875 0.017246932 0.0080853645 0.00835579 0.009175237 0.015871264 1.264441999999999 1.3914490000000015 0.019164443376647387 0.01904809130885518
"b'SPLUS-n15s06 '" "b'iDR3.SPLUS-n15s06.000020 '" 156.86817095162536 -19.61764938135883 6.165266 133 3.7531428 14.174912 10.0 0 0.96491855 23.382439 99.0 23.366175 99.0 21.476086 18.386242 19.830694 18.464193 16.783514 17.261871 18.52145 16.376976 1.0468495 21.852156 3.26731 21.312305 0.52621984 0.01628848 0.093707964 0.015216299 0.006515966 0.008432326 0.038213197 0.006972978 1.2023220000000023 1.6806790000000014 0.017396547847997806 0.016552751075593355
"b'SPLUS-n17s02 '" "b'iDR3.SPLUS-n17s02.030185 '" 152.14942528629038 -21.660979463820848 2.62042 42 4.003801 15.047389 12.0 0 0.9813347 19.51753 19.137169 19.15181 19.073864 19.094425 19.068624 19.105484 18.655102 18.194393 18.5953 17.722282 18.03243 0.044654287 0.052085277 0.08283033 0.06752474 0.06825539 0.02548305 0.055628765 0.017293446 0.01473588 0.020272596 0.020545844 0.021970414 0.05980199999999769 0.4607089999999978 0.02664660246887269 0.02272024282285108
"b'SPLUS-n15s17 '" "b'iDR3.SPLUS-n15s17.014434 '" 173.49807333847835 -19.294768760553467 2.0868778 39 4.225104 14.792195 12.0 0 0.9770966 19.051031 19.161396 19.195118 19.217783 18.990906 19.035328 18.886002 18.61874 18.349821 18.61705 18.627123 18.685192 0.02953957 0.04768383 0.07842176 0.071115986 0.05834933 0.022045545 0.04238679 0.016149221 0.015856573 0.020628428 0.042244673 0.03877886 0.0016899999999999693 0.26891900000000035 0.026197888858799766 0.02263246001236211
"b'SPLUS-n19s07 '" "b'iDR3.SPLUS-n19s07.032609 '" 173.67099237248956 -24.272610073199125 1.8397499 37 3.2662675 14.379369 12.0 0 0.99986994 22.557245 22.035582 21.74768 22.223598 20.593735 19.683258 19.695786 18.45245 17.810684 17.782398 17.519156 17.420467 0.62939376 0.55053097 0.7450505 0.9669388 0.22294411 0.03555949 0.07958751 0.014231951 0.011266663 0.010852141 0.022601217 0.013361772 0.6700519999999983 0.6417660000000005 0.017897413040724126 0.01815175265427474
"b'SPLUS-n02s22 '" "b'iDR3.SPLUS-n02s22.044596 '" 179.5425418304334 -0.651912230493035 2.3962555 37 3.8037443 14.644449 12.0 0 0.9731322 24.647615 21.247896 19.365227 18.994629 18.891594 18.807318 18.411377 18.447174 18.214653 18.74593 25.279978 18.080685 3.8194754 0.27108896 0.08957068 0.06286487 0.054443564 0.020262014 0.031850543 0.0154860355 0.017979775 0.024620973 18.328442 0.024893597 -0.2987560000000009 0.23252100000000198 0.02908624429131388 0.023729509151221084
"b'SPLUS-n02n18 '" "b'iDR3.SPLUS-n02n18.039610 '" 174.34240673564196 1.816372111607291 2.9480724 55 4.0243034 14.97257 12.0 0 0.9796973 18.633987 18.473595 18.450016 18.667303 18.640816 18.73414 18.64581 18.615417 18.13301 18.119001 17.940655 17.664616 0.027830169 0.037539855 0.05789682 0.05427043 0.049137615 0.020872857 0.040390186 0.018358286 0.015156266 0.015178988 0.026562935 0.017553756 0.49641599999999997 0.48240700000000203 0.023820754428899603 0.023806282026401185
"b'SPLUS-n01s18 '" "b'iDR3.SPLUS-n01s18.023643 '" 174.05290786239414 0.0819136002772735 2.7085376 44 4.025527 15.212817 12.0 0 0.97617346 20.587358 20.675152 19.89515 19.491806 19.62697 19.135344 19.263395 18.569016 18.132963 18.359161 18.301533 18.259165 0.17851904 0.28236452 0.22504091 0.1379378 0.15687309 0.03796068 0.0877468 0.020686595 0.01777392 0.020422459 0.036426425 0.030301204 0.209855000000001 0.43605300000000113 0.0290690908750292 0.02727356677921729
"b'SPLUS-n03s22 '" "b'iDR3.SPLUS-n03s22.049646 '" 179.66214199100975 -2.13252384921718 3.0365295 43 4.3118076 15.467429 12.0 0 0.9797143 19.824482 19.288315 19.071053 19.138248 18.957016 18.807177 18.733616 18.561054 17.653793 18.515348 18.49021 18.467052 0.058217037 0.063395046 0.097876854 0.08866379 0.06777973 0.022449676 0.04536477 0.017616313 0.011302667 0.020831462 0.042968724 0.03484759 0.045705999999999136 0.9072609999999983 0.027281574235579094 0.020930474553312404
"b'SPLUS-n09s42 '" "b'iDR3.SPLUS-n09s42.059941 '" 207.2915523238017 -10.46520030445848 1.9332536 30 3.710623 14.592832 12.0 0 0.9661132 18.989338 18.837109 18.911238 18.962227 18.927582 18.863203 18.881506 18.625216 18.359608 18.619171 18.648394 18.678875 0.030458849 0.040507372 0.065314606 0.059713703 0.055687025 0.020679617 0.042569075 0.016872019 0.016069066 0.020975852 0.05163155 0.03886239 0.0060450000000003 0.2656080000000003 0.026919349774135796 0.023299783416347822
"b'SPLUS-n09s37 '" "b'iDR3.SPLUS-n09s37.011234 '" 200.17250361488283 -11.20686258840912 3.8131273 65 4.207459 14.831639 12.0 0 0.98107755 23.389475 22.739256 21.967785 21.458527 20.434572 19.894688 19.779003 18.51083 17.58501 17.272757 16.825619 16.739836 2.054986 1.9655051 1.5378726 0.92252487 0.3337547 0.08414279 0.14396203 0.022592895 0.015146391 0.010229773 0.016226215 0.009983195 1.238073 0.9258199999999981 0.02480095079049499 0.027200221778616182
"b'SPLUS-n08s40 '" "b'iDR3.SPLUS-n08s40.048205 '" 204.3499098551942 -8.85872643165868 2.3526978 38 4.1122723 14.612272 12.0 0 0.9812924 22.043417 21.96973 21.187237 20.315996 20.446194 19.405441 19.390442 18.451757 17.54793 18.074368 18.023506 17.927023 0.3257137 0.5120252 0.4087034 0.1744309 0.19181842 0.030721495 0.06370216 0.01563283 0.010778076 0.014876334 0.03523541 0.022340907 0.37738900000000086 0.9038269999999997 0.021579867633710267 0.01898821466253939
"b'HYDRA-0167   '" "b'iDR3.HYDRA-0167.142993   '" 164.16658661287585 -46.8745539434544 5.4169426 40 3.705561 14.703964 12.0 0 0.634014 21.785975 22.135223 21.128502 20.75057 19.855438 19.564737 19.300072 18.578386 17.953924 18.2096 18.070534 18.036392 0.21659537 0.5189995 0.36289594 0.23591137 0.10724671 0.032838393 0.055941917 0.015141036 0.011989567 0.0140503775 0.02589471 0.019956795 0.36878600000000006 0.6244619999999976 0.02065584854334971 0.01931322572748491
"b'HYDRA-0086   '" "b'iDR3.HYDRA-0086.000385   '" 151.2042251110183 -35.662840176543284 4.372042 41 4.19845 16.616764 10.0 0 0.65743256 99.0 21.04606 23.146181 22.198402 99.0 19.666613 19.712284 18.496742 17.9491 18.787739 16.893131 21.398014 21.662384 0.3551712 3.73667 1.4351584 21.08246 0.059130892 0.11571431 0.019226693 0.015112469 0.026732367 0.01318982 0.45635048 -0.2909969999999973 0.5476419999999997 0.0329284856794074 0.024455110774482498
"b'HYDRA-0057   '" "b'iDR3.HYDRA-0057.059138   '" 162.96858900090632 -29.03567089638236 2.3924582 64 4.1387873 14.973104 12.0 0 0.97328293 23.672745 24.458498 20.61946 19.975708 19.935211 18.891397 18.346416 18.491215 18.062004 18.319271 18.281496 18.184631 1.1819834 3.8122134 0.20954297 0.08955581 0.08243102 0.014633413 0.02165572 0.010977675 0.009433334 0.012399206 0.021944076 0.018154107 0.17194399999999987 0.4292109999999987 0.016560484830948064 0.01447401598593773
"b'HYDRA-0073   '" "b'iDR3.HYDRA-0073.024803   '" 158.86374998540282 -32.493190938039284 2.1392245 36 3.9773948 14.555239 12.0 0 0.9810661 23.672432 22.167046 21.293898 20.956078 20.45202 19.807377 19.878958 18.661446 17.829903 18.078917 17.857132 17.828064 1.5881133 0.6733028 0.48699576 0.32771137 0.20461193 0.048090253 0.102687255 0.017265977 0.01191252 0.01269945 0.020727182 0.015766423 0.582529000000001 0.8315429999999999 0.021433384988541332 0.020976703614127006
"b'HYDRA-0101   '" "b'iDR3.HYDRA-0101.001961   '" 161.21908678807327 -37.041921047761456 2.316337 41 3.548842 14.858676 12.0 0 0.9926054 22.209152 21.80317 21.097397 20.52864 20.38459 19.546612 19.538551 18.642601 17.770973 18.233507 18.134315 18.014662 0.32558703 0.37265015 0.34634748 0.20348185 0.16723001 0.0323161 0.067649886 0.016354142 0.011334391 0.015909754 0.030945027 0.022630857 0.4090939999999996 0.8716279999999976 0.022816183574311456 0.019897898881465977
"b'HYDRA-0039   '" "b'iDR3.HYDRA-0039.010397   '" 164.2934441287257 -27.188397105147946 2.264089 44 3.5327172 15.673131 12.0 0 0.98079824 21.17714 21.54449 20.631502 19.825762 19.726057 19.378733 19.269373 18.648548 18.21448 18.304508 18.190113 18.08532 0.19824272 0.4656784 0.32629275 0.131571 0.10914123 0.027495395 0.06118806 0.016557598 0.014171498 0.015698673 0.029001147 0.021886326 0.34404000000000323 0.43406800000000345 0.0228167128546277 0.0217941599308991
"b'HYDRA-0061   '" "b'iDR3.HYDRA-0061.073079   '" 153.21088361052875 -30.36372048197103 2.0926385 43 3.4399326 15.406663 12.0 0 0.9997921 20.092861 19.741098 19.708895 19.312084 19.27681 18.895935 18.795715 18.471664 18.006998 18.2654 18.193909 18.196457 0.06930288 0.09012416 0.1379323 0.08324816 0.07242647 0.0188747 0.042088185 0.01358214 0.012402463 0.014434191 0.030529253 0.022844685 0.2062640000000009 0.46466600000000113 0.0198196971925426 0.018392814233987385
"b'HYDRA-0121   '" "b'iDR3.HYDRA-0121.104762   '" 150.9918270078343 -39.750721006242 3.1675167 37 1.82 15.893186 9.0 0 0.9787116 21.53051 99.0 99.0 19.747257 99.0 19.255838 19.267412 18.512505 18.01927 18.57135 18.34351 18.071508 0.49120906 21.10746 20.62915 0.20252453 20.7549 0.050800066 0.10352741 0.0232817 0.01855655 0.025781035 0.041332256 0.025005769 -0.05884499999999804 0.4932350000000021 0.03473757793170423 0.02977218673178878
"b'HYDRA-0129   '" "b'iDR3.HYDRA-0129.014324   '" 151.53577166930958 -42.366641318626215 2.5109391 24 3.2032495 15.437685 12.0 0 0.97091645 20.889704 20.216763 20.348333 19.503292 19.370338 19.122272 18.915861 18.634693 18.040539 18.3727 18.257238 18.31466 0.28388807 0.21347883 0.36609116 0.15729201 0.12518023 0.039418846 0.069031455 0.02215331 0.016559217 0.020380415 0.035753004 0.031124081 0.26199300000000036 0.5941539999999996 0.030102000922336124 0.027658214179682478
"b'HYDRA-0138   '" "b'iDR3.HYDRA-0138.061562   '" 151.9968151080678 -43.289398354410366 1.9591455 30 4.1731453 14.405277 12.0 0 0.9689107 22.238497 21.588005 26.085297 21.304413 20.648293 19.696089 19.6988 18.553713 17.768463 17.976746 17.7967 17.736837 1.4071172 0.9724682 82.63314 0.9497821 0.47908482 0.08274229 0.15613392 0.024377 0.015985688 0.016373888 0.025373155 0.020420581 0.5769669999999998 0.7852499999999978 0.029365665959357093 0.029150992261556794
"b'HYDRA-0087   '" "b'iDR3.HYDRA-0087.057920   '" 153.0599061015559 -34.6050685462672 2.3983223 50 3.9121447 14.484965 11.0 0 0.9880728 22.900982 99.0 21.688519 21.10823 21.376656 19.88453 19.772312 18.50472 17.527374 17.58505 17.297073 17.204227 1.0065421 21.531797 0.81263304 0.44275835 0.5396345 0.059448678 0.105875775 0.01839633 0.012795049 0.012129711 0.02105591 0.014771117 0.91967 0.9773460000000007 0.022035309083659818 0.022408441185885752
"b'HYDRA-0094   '" "b'iDR3.HYDRA-0094.032574   '" 164.58290765148365 -35.14818120455806 2.0261755 34 3.9112256 14.741038 12.0 0 0.9821092 20.952965 20.842457 21.328732 20.192127 19.781937 19.29958 19.129278 18.64526 18.174847 18.401127 18.349335 18.327024 0.12315633 0.17301433 0.43881628 0.14274487 0.10873451 0.026464537 0.050374724 0.016124051 0.013565619 0.017828975 0.033021778 0.025121653 0.2441330000000015 0.47041300000000064 0.024038664068563087 0.021071569459908818
"b'HYDRA-0128   '" "b'iDR3.HYDRA-0128.093433   '" 164.9409920559074 -39.82898402211724 2.7260773 39 4.2646103 14.834124 12.0 0 0.9372165 19.919903 19.424147 19.22248 19.063486 18.876251 18.819328 18.676947 18.449713 18.136497 18.355972 18.330688 18.33318 0.06060829 0.06210534 0.08042938 0.06462896 0.054270294 0.022671524 0.037850175 0.014848611 0.013885962 0.017573806 0.037633356 0.031395346 0.09374099999999785 0.3132160000000006 0.023006953426191766 0.020329810360521443
"b'HYDRA-0112   '" "b'iDR3.HYDRA-0112.119517   '" 149.8062938688626 -38.38155453914861 2.4750786 40 3.3051705 15.466884 9.0 0 0.98046887 21.025055 99.0 99.0 21.722935 99.0 19.586958 19.898375 18.485744 18.067234 18.108503 17.515312 17.76253 0.19615613 21.427782 20.831339 0.80213267 21.255617 0.034026593 0.124354646 0.015253431 0.015169881 0.015455849 0.021042177 0.020735312 0.3772410000000015 0.41851000000000127 0.021715211847517443 0.02151261134371934
