Star-v5/16r-emitters/Halpha-DR3-SPLUS-PStotal-STAR-13r16-v5-Final-merge.ecsv
# %ECSV 1.0
# ---
# datatype:
# - {name: Field, datatype: string}
# - {name: ID, datatype: string}
# - {name: RA, datatype: float64}
# - {name: DEC, datatype: float64}
# - {name: FWHM, datatype: float64}
# - {name: ISOarea, datatype: int64}
# - {name: KRON_RADIUS, datatype: float64}
# - {name: MU_MAX, datatype: float64}
# - {name: nDet_PStotal, datatype: float64}
# - {name: PhotoFlagDet, datatype: int64}
# - {name: CLASS_STAR, datatype: float64}
# - {name: u_PStotal, datatype: float64}
# - {name: J0378_PStotal, datatype: float64}
# - {name: J0395_PStotal, datatype: float64}
# - {name: J0410_PStotal, datatype: float64}
# - {name: J0430_PStotal, datatype: float64}
# - {name: g_PStotal, datatype: float64}
# - {name: J0515_PStotal, datatype: float64}
# - {name: r_PStotal, datatype: float64}
# - {name: J0660_PStotal, datatype: float64}
# - {name: i_PStotal, datatype: float64}
# - {name: J0861_PStotal, datatype: float64}
# - {name: z_PStotal, datatype: float64}
# - {name: e_u_PStotal, datatype: float64}
# - {name: e_J0378_PStotal, datatype: float64}
# - {name: e_J0395_PStotal, datatype: float64}
# - {name: e_J0410_PStotal, datatype: float64}
# - {name: e_J0430_PStotal, datatype: float64}
# - {name: e_g_PStotal, datatype: float64}
# - {name: e_J0515_PStotal, datatype: float64}
# - {name: e_r_PStotal, datatype: float64}
# - {name: e_J0660_PStotal, datatype: float64}
# - {name: e_i_PStotal, datatype: float64}
# - {name: e_J0861_PStotal, datatype: float64}
# - {name: e_z_PStotal, datatype: float64}
# - {name: r - i, datatype: float64}
# - {name: r - J0660, datatype: float64}
# - {name: e(r - i), datatype: float64}
# - {name: e(r - J0660), datatype: float64}
# - {name: P(GoodPho), datatype: float64}
# - {name: P(BadPho), datatype: float64}
# schema: astropy-2.0
Field ID RA DEC FWHM ISOarea KRON_RADIUS MU_MAX nDet_PStotal PhotoFlagDet CLASS_STAR u_PStotal J0378_PStotal J0395_PStotal J0410_PStotal J0430_PStotal g_PStotal J0515_PStotal r_PStotal J0660_PStotal i_PStotal J0861_PStotal z_PStotal e_u_PStotal e_J0378_PStotal e_J0395_PStotal e_J0410_PStotal e_J0430_PStotal e_g_PStotal e_J0515_PStotal e_r_PStotal e_J0660_PStotal e_i_PStotal e_J0861_PStotal e_z_PStotal "r - i" "r - J0660" "e(r - i)" "e(r - J0660)" P(GoodPho) P(BadPho)
"b'SPLUS-n14s03 '" "b'iDR3.SPLUS-n14s03.023094 '" 152.8181274669201 -17.691006662063717 2.1624088 525 2.5470395 10.630968 12.0 0 0.98556316 16.675 16.575087 16.565655 16.527618 16.304626 15.712595 15.602545 14.579465 14.0418 14.135739 13.788973 13.767706 0.008367871 0.010959222 0.016197262 0.013490986 0.01168062 0.0036377683 0.006542854 0.0019118824 0.0017056591 0.0015655286 0.0022590514 0.0016148265 0.4437260000000016 0.5376650000000005 0.0024710674027326168 0.002562141150842898 "" ""
"b'HYDRA-0077   '" "b'iDR3.HYDRA-0077.084865   '" 150.3833525981921 -33.04326108927795 2.0607584 271 2.7454164 12.111699 12.0 0 0.9744056 15.377505 15.103262 15.133448 15.320404 15.284002 15.461737 15.1573105 15.294937 14.924424 15.239864 15.167364 15.103933 0.0041474504 0.0051319078 0.0074203094 0.006743164 0.0062654694 0.003002383 0.005049821 0.0025884358 0.002551199 0.0026570049 0.0043973643 0.0031603232 0.05507299999999837 0.370512999999999 0.003709403581351812 0.003634366000875894 "" ""
"b'SPLUS-s23s45 '" "b'iDR3.SPLUS-s23s45.020422 '" 352.25183229093045 -29.77943600230389 2.044366 246 2.8794162 11.472648 12.0 0 0.9949884 15.014418 15.0137825 14.86295 15.40941 15.349426 15.492199 15.61466 15.360847 15.001359 15.375683 15.355514 15.372553 0.0036281033 0.005232113 0.006912789 0.007903258 0.0074264407 0.0033800846 0.0068050027 0.0027771622 0.0027179983 0.0028790685 0.005049378 0.0038802992 -0.014836000000000737 0.3594879999999989 0.004000208158683882 0.003885890457013904 "" ""
"b'SPLUS-n18s18 '" "b'iDR3.SPLUS-n18s18.000089 '" 174.85074360973368 -23.627453015369365 2.552651 252 2.627111 10.996559 12.0 0 0.97272193 19.206873 18.91611 18.565432 17.605415 16.900711 16.123627 16.05058 15.496835 14.925963 14.985117 14.378416 14.279529 0.030095164 0.03718928 0.04577469 0.022940971 0.014658539 0.004242254 0.0077724964 0.002779395 0.0024901687 0.002253219 0.0029221291 0.0019664422 0.5117180000000001 0.5708720000000014 0.003577992793171333 0.0037317524998966224 "" ""
"b'HYDRA-0049   '" "b'iDR3.HYDRA-0049.043611   '" 149.6811639194094 -29.463706851408396 3.168911 395 3.0581338 11.737776 12.0 0 0.8713998 16.499258 16.07152 15.84794 15.5683155 15.472755 15.513618 15.65655 15.418391 14.922369 15.678785 14.766943 15.023354 0.0067930445 0.007799911 0.009739173 0.0072659985 0.0066586416 0.002987191 0.00610634 0.0026267627 0.0030067419 0.003147013 0.0036072289 0.0028952195 -0.2603939999999998 0.49602199999999996 0.004099216157301331 0.0039925404362795 "" ""
"b'SPLUS-s26s50 '" "b'iDR3.SPLUS-s26s50.002280 '" 319.5178198321214 -34.22870112817704 2.2525218 245 2.9232867 12.185197 12.0 0 0.99263054 15.688907 15.642181 15.974881 16.06849 15.877293 16.180721 16.262272 15.903326 15.288493 15.884396 15.512299 15.861019 0.005097972 0.0066768196 0.010637249 0.010216351 0.009255345 0.004519814 0.009045831 0.003455476 0.003104158 0.0034569358 0.0050895605 0.0041131326 0.018929999999999225 0.6148329999999991 0.0048878133671303 0.004645009286916443 "" ""
"b'SPLUS-n07s41 '" "b'iDR3.SPLUS-n07s41.026589 '" 205.91016519674625 -8.234371065828142 3.3731456 194 3.209087 12.5739 12.0 0 0.9915205 15.942299 15.794027 15.686374 15.856902 15.948679 15.94547 15.914673 15.770126 15.452086 15.772181 15.619708 15.696314 0.005493663 0.007949956 0.010620637 0.009578522 0.009578453 0.0040983115 0.0075591253 0.0032521451 0.0032415562 0.0035002416 0.0060131866 0.0045240466 -0.002055000000000362 0.3180399999999999 0.0047778801795173315 0.004591746328926768 "" ""
"b'SPLUS-n15s05 '" "b'iDR3.SPLUS-n15s05.030347 '" 156.19240356520726 -18.640259406430125 14.521703 138 3.837694 10.72244 12.0 3 0.9966479 13.979157 14.111893 13.513956 14.429493 13.812301 12.277587 14.090717 13.436792 11.47743 14.596424 14.9057865 14.595655 0.0023457687 0.0034884429 0.0037125463 0.0050783996 0.0037088247 0.0007822407 0.00353299 0.0011593059 0.0005376379 0.0020410556 0.004122773 0.0025074475 -1.1596320000000002 1.9593620000000005 0.0023473172201613846 0.001277906366402179 0.01145421500860433 0.9885457849913957
b'STRIPE82-0019' b'iDR3.STRIPE82-0019.044602' 12.50586461795442 0.0344992810446802 2.6031578 565 2.8199565 11.66776 12.0 2 0.99224013 19.283854 19.421885 19.369892 18.114164 17.71727 16.457973 16.222387 14.962698 14.0328665 14.322019 13.835772 13.989097 0.038403906 0.06611084 0.097804286 0.031948335 0.022692574 0.0047748927 0.008953317 0.0022494344 0.0016735367 0.0017044091 0.002265072 0.0017835262 0.6406790000000004 0.9298314999999988 0.0028222270461580813 0.0028036904619002166 0.13635043172175965 0.8636495682782404
"b'SPLUS-s27s49 '" "b'iDR3.SPLUS-s27s49.062339 '" 319.517818265895 -34.22874036730848 2.6314566 299 2.9192615 11.91578 12.0 2 0.9970519 15.218492 15.319184 15.410584 15.748216 15.844159 15.73534 15.878789 15.607331 14.810293 15.432305 15.092776 15.132048 0.0041760523 0.0061925203 0.0091121085 0.009629716 0.0096609555 0.003763477 0.007653912 0.0031151911 0.002419838 0.002926865 0.0042607184 0.0030479357 0.1750260000000008 0.7970380000000006 0.004274453686466168 0.003944620581977842 0.22753725737051467 0.7724627426294853
