Star-v5/16r18-emitters/Halpha-DR3-SPLUS-PStotal-STAR-16r18-v5-Final-merge.ecsv
# %ECSV 1.0
# ---
# datatype:
# - {name: Field, datatype: string}
# - {name: ID, datatype: string}
# - {name: RA, datatype: float64}
# - {name: DEC, datatype: float64}
# - {name: FWHM, datatype: float64}
# - {name: ISOarea, datatype: int64}
# - {name: KRON_RADIUS, datatype: float64}
# - {name: MU_MAX, datatype: float64}
# - {name: nDet_PStotal, datatype: float64}
# - {name: PhotoFlagDet, datatype: int64}
# - {name: CLASS_STAR, datatype: float64}
# - {name: u_PStotal, datatype: float64}
# - {name: J0378_PStotal, datatype: float64}
# - {name: J0395_PStotal, datatype: float64}
# - {name: J0410_PStotal, datatype: float64}
# - {name: J0430_PStotal, datatype: float64}
# - {name: g_PStotal, datatype: float64}
# - {name: J0515_PStotal, datatype: float64}
# - {name: r_PStotal, datatype: float64}
# - {name: J0660_PStotal, datatype: float64}
# - {name: i_PStotal, datatype: float64}
# - {name: J0861_PStotal, datatype: float64}
# - {name: z_PStotal, datatype: float64}
# - {name: e_u_PStotal, datatype: float64}
# - {name: e_J0378_PStotal, datatype: float64}
# - {name: e_J0395_PStotal, datatype: float64}
# - {name: e_J0410_PStotal, datatype: float64}
# - {name: e_J0430_PStotal, datatype: float64}
# - {name: e_g_PStotal, datatype: float64}
# - {name: e_J0515_PStotal, datatype: float64}
# - {name: e_r_PStotal, datatype: float64}
# - {name: e_J0660_PStotal, datatype: float64}
# - {name: e_i_PStotal, datatype: float64}
# - {name: e_J0861_PStotal, datatype: float64}
# - {name: e_z_PStotal, datatype: float64}
# - {name: r - i, datatype: float64}
# - {name: r - J0660, datatype: float64}
# - {name: e(r - i), datatype: float64}
# - {name: e(r - J0660), datatype: float64}
# - {name: P(GoodPho), datatype: float64}
# - {name: P(BadPho), datatype: float64}
# schema: astropy-2.0
Field ID RA DEC FWHM ISOarea KRON_RADIUS MU_MAX nDet_PStotal PhotoFlagDet CLASS_STAR u_PStotal J0378_PStotal J0395_PStotal J0410_PStotal J0430_PStotal g_PStotal J0515_PStotal r_PStotal J0660_PStotal i_PStotal J0861_PStotal z_PStotal e_u_PStotal e_J0378_PStotal e_J0395_PStotal e_J0410_PStotal e_J0430_PStotal e_g_PStotal e_J0515_PStotal e_r_PStotal e_J0660_PStotal e_i_PStotal e_J0861_PStotal e_z_PStotal "r - i" "r - J0660" "e(r - i)" "e(r - J0660)" P(GoodPho) P(BadPho)
[from data line 133]
"b'HYDRA-0140   '" "b'iDR3.HYDRA-0140.012614   '" 156.77427199442948 -43.72812711312928 5.1044993 75 4.045394 15.066503 12.0 0 0.975785 18.109808 18.011095 18.182135 18.66108 17.643337 17.736534 17.717352 17.575184 17.246822 17.467363 17.292149 17.392029 0.015424673 0.020622695 0.04185443 0.058243275 0.044700664 0.020444345 0.04128111 0.015711527 0.01534385 0.016583022 0.027652437 0.025272083 0.10782100000000128 0.3283619999999985 0.02284400795228834 0.021961006659400404 "" ""
"b'HYDRA-0085   '" "b'iDR3.HYDRA-0085.061807   '" 164.497701542229 -32.9825465802346 2.7928338 82 4.0728607 15.315223 12.0 0 0.93074906 18.662355 18.197529 18.192204 18.22257 18.107553 18.335558 18.032808 17.954336 17.505001 17.910122 17.545444 17.190002 0.029218223 0.035123937 0.0507618 0.043928325 0.038472384 0.0153367445 0.030982971 0.011545243 0.010062669 0.013957042 0.018172216 0.012787518 0.0442140000000002 0.44933500000000137 0.01811330056391747 0.01531502345191185 "" ""
"b'SPLUS-s02s01 '" "b'iDR3.SPLUS-s02s01.029204 '" 324.20730055187585 -1.481159088195661 2.3391798 47 3.8112788 14.336041 11.0 0 0.98122287 99.0 20.105087 19.470957 19.225597 18.76763 18.211832 17.544708 17.970621 17.515928 17.81253 17.881948 17.769453 22.173004 0.11951994 0.11478818 0.08045661 0.054051854 0.01410408 0.019256955 0.010789501 0.0092788525 0.011787798 0.023986172 0.01845869 0.15809100000000242 0.45469300000000246 0.015980159996627226 0.014230616133736348 "" ""
"b'SPLUS-s34s21 '" "b'iDR3.SPLUS-s34s21.026309 '" 38.09743982329523 -44.00090404039177 2.3518987 65 3.9544547 14.080633 12.0 0 0.97877717 18.646292 18.146696 18.33839 18.356644 18.23971 18.211699 18.04702 17.851751 17.59557 17.730968 17.518692 17.012165 0.032929156 0.0337928 0.059063084 0.060151838 0.054014787 0.020647619 0.036109067 0.013065102 0.012534971 0.012744462 0.020596314 0.011083241 0.12078299999999942 0.25618100000000155 0.018251526016743038 0.01810586612789471 "" ""
b'STRIPE82-0143' b'iDR3.STRIPE82-0143.016137' 339.5968891921001 -0.952268013442764 3.079928 97 3.6871898 15.185363 12.0 0 0.9798695 17.99057 17.543129 17.82176 17.866417 17.749638 17.854343 17.819271 17.842892 17.463491 17.83907 17.71034 17.372828 0.017595364 0.01905832 0.031114273 0.025593461 0.022373931 0.010632144 0.020626962 0.010206054 0.008893728 0.012088068 0.02171066 0.013819254 0.003821999999999548 0.3794009999999979 0.01582039589338838 0.013537427229311337 "" ""
b'STRIPE82-0158' b'iDR3.STRIPE82-0158.003478' 349.42752127421284 0.093129280239253 2.3717723 87 3.821461 14.924033 12.0 0 0.9615986 18.1126 17.882114 17.99154 17.987907 17.873886 18.031425 18.030245 17.80749 17.526789 17.833977 16.944363 17.321276 0.018393304 0.023180623 0.037471112 0.030983573 0.026786482 0.011736537 0.026655145 0.009948177 0.009858849 0.011941913 0.012534893 0.012771659 -0.026486999999999483 0.28070100000000053 0.015542699627892769 0.014005824832123598 "" ""
b'STRIPE82-0002' b'iDR3.STRIPE82-0002.034805' 0.6279554824066291 0.8331230804411939 2.3229935 55 3.638482 14.269347 12.0 0 0.98291993 18.843164 18.716341 18.695929 18.705236 18.484932 18.50342 18.394215 17.981045 17.699654 17.845476 17.848194 17.86834 0.025930973 0.037848707 0.054972168 0.04638123 0.04128055 0.0150120435 0.03139 0.010124422 0.009756116 0.010539339 0.020255229 0.016801113 0.13556900000000027 0.28139100000000283 0.014614430792576391 0.014060075399496974 "" ""
b'STRIPE82-0149' b'iDR3.STRIPE82-0149.034592' 344.2395108573992 -0.4178591489560449 2.7993188 87 3.948022 15.229239 12.0 0 0.9705471 19.496918 19.02927 19.01854 18.587315 18.505302 18.211489 18.04911 17.78577 17.453909 17.63001 17.583122 17.586996 0.052503165 0.05623884 0.0896236 0.049342576 0.041176915 0.013296928 0.026082328 0.010203794 0.009365889 0.0109319575 0.01954268 0.01566503 0.1557600000000008 0.33186099999999996 0.01495409999887129 0.013850533879773625 "" ""
"b'SPLUS-n15s32 '" "b'iDR3.SPLUS-n15s32.046954 '" 193.80087231546776 -18.248339435014756 6.7846155 120 4.0136833 14.584151 12.0 0 0.97032285 17.960865 17.558548 17.714834 17.781425 17.68901 17.879398 17.835367 17.872747 17.506998 17.936735 17.722565 17.46507 0.020104043 0.022276301 0.035875123 0.03341056 0.029820736 0.012829769 0.02595863 0.01176466 0.011237197 0.014156441 0.023497622 0.015813604 -0.06398799999999838 0.365749000000001 0.018406847820908418 0.016269044880766942 "" ""
"b'SPLUS-s22s33 '" "b'iDR3.SPLUS-s22s33.026391 '" 333.88574209843875 -28.301075647502863 3.0320582 75 3.931209 14.85017 12.0 0 0.9754593 18.066174 18.108084 18.158804 18.234013 18.218071 18.205105 18.174553 17.86946 17.603281 17.888512 17.853636 17.869013 0.018884983 0.027540922 0.044618044 0.041300554 0.041143786 0.015121761 0.02991929 0.011967313 0.012730653 0.013853191 0.02456394 0.022225438 -0.019051999999998515 0.26617900000000105 0.01830648741081833 0.017472438474534058 "" ""
"b'SPLUS-s25s22 '" "b'iDR3.SPLUS-s25s22.047348 '" 33.9339774403445 -31.651234279166523 2.0765316 50 3.5013678 14.039724 12.0 0 0.981395 19.251873 18.880604 18.635424 18.533146 18.376411 18.300076 18.142258 17.992836 17.688864 17.95739 17.895758 17.980259 0.032997545 0.04007852 0.054260373 0.041843146 0.03710707 0.013731288 0.025236147 0.010395684 0.010006161 0.012224 0.026033832 0.021423781 0.03544600000000031 0.3039720000000017 0.01604669504377322 0.014428912079078485 "" ""
"b'SPLUS-s24s70 '" "b'iDR3.SPLUS-s24s70.014450 '" 349.64482561551324 -31.2540693367504 2.0552015 54 3.6265585 14.026323 12.0 0 0.98890734 20.107456 19.77377 19.61015 18.968777 18.798046 18.402884 18.266697 17.886082 17.373789 17.70203 17.631851 17.61128 0.060773384 0.07694372 0.11316419 0.06039773 0.053726833 0.014763231 0.028277425 0.009882451 0.008517456 0.00986897 0.019193942 0.0141240135 0.18405199999999766 0.5122929999999997 0.01396636698029595 0.013046451413290014 "" ""
"b'SPLUS-s21s32 '" "b'iDR3.SPLUS-s21s32.008214 '" 332.493350687485 -27.44098095621957 2.7821894 67 3.7249088 14.696723 12.0 0 0.9824407 19.639395 19.408045 19.434708 18.899998 18.664303 18.36834 18.242622 17.935986 17.581675 17.796242 17.796497 17.73128 0.047446772 0.06245267 0.09935869 0.06249052 0.052269295 0.016465677 0.031240182 0.013631113 0.013263844 0.011705785 0.021890989 0.016527658 0.1397440000000003 0.35431099999999915 0.017967544186254115 0.019019379571245353 "" ""
"b'SPLUS-s17s22 '" "b'iDR3.SPLUS-s17s22.031657 '" 314.9896989117314 -21.65968492556584 2.101596 37 3.7861784 14.092561 12.0 0 0.9810673 17.660421 17.511429 17.694069 17.984827 17.964846 18.176363 18.382639 17.964912 17.074831 18.099419 17.9675 17.952333 0.013965554 0.019691484 0.030652305 0.03209166 0.032235608 0.014748101 0.03364279 0.0116161965 0.008193171 0.019203177 0.028907439 0.023190247 -0.13450699999999927 0.8900810000000021 0.022443217862417618 0.014214924275628529 "" ""
"b'SPLUS-s22s21 '" "b'iDR3.SPLUS-s22s21.049066 '" 316.0495452877181 -28.12880490761528 2.04122 58 3.3837922 13.802876 12.0 0 0.98110497 19.76019 19.466387 19.317488 18.882006 18.881184 18.412525 18.273735 17.916477 17.623827 17.755108 17.690857 17.658169 0.042820662 0.053351235 0.07134137 0.04520388 0.043301668 0.013280967 0.02510381 0.009324639 0.009370342 0.009070942 0.017117409 0.012381116 0.16136900000000054 0.29265000000000185 0.01300887701716351 0.013219387341222927 "" ""
"b'SPLUS-n17s03 '" "b'iDR3.SPLUS-n17s03.027385 '" 154.59066905330377 -21.66882025656446 2.3548937 52 3.8590944 14.19939 12.0 0 0.981977 18.62957 18.509604 18.431313 17.622053 17.460793 17.862144 17.932274 17.810505 17.572596 17.727688 17.499706 17.513393 0.027911665 0.036086738 0.052840862 0.030014213 0.02521704 0.013015222 0.026759688 0.010506325 0.010647816 0.01130212 0.018929886 0.015639883 0.08281699999999859 0.23790899999999837 0.01543116267492586 0.014958571140836981 "" ""
"b'SPLUS-n17s10 '" "b'iDR3.SPLUS-n17s10.015987 '" 164.45805718459255 -21.949653145265444 1.9954194 70 3.5084417 14.065736 12.0 0 0.9998296 17.704063 17.644722 17.712486 18.137474 18.064137 18.282747 18.045876 17.83134 17.272442 17.616142 17.496962 17.518547 0.0132269 0.01825628 0.028031236 0.031911165 0.029567974 0.013617415 0.02411201 0.00955798 0.008147458 0.009506351 0.01664295 0.01388181 0.2151980000000009 0.5588979999999992 0.013480567162237686 0.012559301475088653 "" ""
"b'SPLUS-n18s20 '" "b'iDR3.SPLUS-n18s20.037796 '" 178.75898669003433 -22.73940461818839 2.641326 62 3.6982327 14.184124 12.0 0 0.98208493 19.21408 18.846457 18.710308 18.410543 18.378885 18.171766 18.003885 17.795692 17.480835 17.659279 17.631618 17.607954 0.03756778 0.041775137 0.05645999 0.039736107 0.03827397 0.013250701 0.024274757 0.009551549 0.009206262 0.010270404 0.018867057 0.015805708 0.13641299999999745 0.31485699999999994 0.014025451387481866 0.013266022324421325 "" ""
"b'SPLUS-n05s03 '" "b'iDR3.SPLUS-n05s03.028755 '" 153.26230543451695 -5.501834858391281 1.8317281 61 3.5085366 14.046004 12.0 0 0.9998606 19.479015 19.115208 18.986425 18.545586 18.538017 18.246578 18.074476 17.869911 17.476725 17.735914 17.665665 17.72243 0.038395934 0.048064347 0.06537451 0.04233914 0.040924158 0.013451368 0.024297323 0.01000805 0.008916916 0.010103285 0.017815752 0.015387556 0.13399699999999726 0.39318600000000004 0.014221020799989183 0.013404195453422633 "" ""
"b'SPLUS-n17s04 '" "b'iDR3.SPLUS-n17s04.019872 '" 154.59067560656675 -21.66881849744636 4.549024 141 3.6279132 15.42844 12.0 0 0.704038 18.63135 18.522074 18.42508 17.692886 17.492744 17.8823 18.041279 17.855572 17.598682 17.79309 17.511509 17.4809 0.024328226 0.031075442 0.04304197 0.025316335 0.023394821 0.013871658 0.029765032 0.013495577 0.012332541 0.01456171 0.018790072 0.019891363 0.06248199999999926 0.2568899999999985 0.019853815670722568 0.018281744065586577 "" ""
"b'SPLUS-n16s14 '" "b'iDR3.SPLUS-n16s14.037684 '" 170.13257866979768 -19.79914503321232 3.4878488 67 4.1531878 15.00429 12.0 0 0.9777537 18.325909 18.156174 18.340748 18.202118 18.10226 18.123802 18.097473 17.846973 17.56997 17.859867 17.952488 17.91329 0.030425584 0.0438594 0.07155423 0.0655767 0.05306913 0.021394983 0.044155132 0.014412485 0.014028912 0.016825004 0.029294152 0.025718614 -0.012894000000002848 0.277002999999997 0.022154017321362754 0.020112933544835496 "" ""
"b'SPLUS-n19s05 '" "b'iDR3.SPLUS-n19s05.020447 '" 170.73371282684457 -24.47777875977149 3.5405319 64 3.8078377 14.847061 12.0 0 0.97997 18.596292 18.253735 18.284945 18.123331 18.185621 18.016716 18.024311 17.786499 17.350857 17.629944 17.453636 17.553099 0.032738514 0.035012104 0.058577593 0.04594081 0.048857678 0.016683668 0.033846047 0.011101819 0.009898697 0.01027433 0.016920647 0.013534906 0.1565550000000009 0.43564199999999786 0.015126540981257448 0.014873956682959984 "" ""
"b'SPLUS-n02s21 '" "b'iDR3.SPLUS-n02s21.049594 '" 178.29380263385738 -0.771060586248677 2.827692 74 3.9653563 14.506923 12.0 0 0.9824379 21.261879 21.799244 21.158434 20.153614 19.982569 19.073917 19.054516 17.930763 16.981537 17.44491 17.2575 17.193478 0.20936356 0.52712256 0.50015634 0.16681159 0.13642967 0.025286673 0.05488253 0.011474484 0.007923023 0.009588364 0.0163555 0.012129414 0.48585299999999876 0.9492259999999995 0.014953277475615572 0.013944105440105686 "" ""
"b'SPLUS-n02n26 '" "b'iDR3.SPLUS-n02n26.016552 '" 185.37906214223312 1.124474721489336 2.6281884 58 3.9727876 14.567126 12.0 0 0.9756901 18.145435 18.121027 18.183933 18.340117 18.22086 18.272114 18.261246 17.95004 17.712776 17.922543 18.006302 17.97494 0.01870114 0.02754199 0.044262916 0.04471573 0.03831983 0.015468342 0.031365857 0.011769155 0.012352483 0.014348033 0.033067383 0.026492419 0.027497000000000327 0.2372639999999997 0.018557452960552372 0.017061560470229973 "" ""
"b'SPLUS-n12s24 '" "b'iDR3.SPLUS-n12s24.047138 '" 183.45066607468812 -14.52772420569266 2.2992783 75 3.8460765 14.301239 12.0 0 0.89594126 18.298363 18.080582 18.160158 18.269684 18.058767 18.192999 18.150978 17.95262 17.33258 18.032475 17.08733 17.503384 0.018359406 0.024232298 0.038658477 0.035900217 0.030576872 0.013308383 0.025798427 0.010947104 0.009000711 0.013766953 0.014616669 0.01512161 -0.07985500000000201 0.6200399999999995 0.01758886241037279 0.01417222228489015 "" ""
"b'SPLUS-n07s41 '" "b'iDR3.SPLUS-n07s41.023017 '" 204.7882876783339 -8.327997709939716 3.9025972 57 3.897558 14.801281 12.0 0 0.9851209 18.269459 18.212511 18.174755 18.215584 18.158003 18.17942 18.117104 17.806728 17.552921 17.725506 17.674679 17.738258 0.01842493 0.029110422 0.042236213 0.035898246 0.03283598 0.013430989 0.025248803 0.0099040745 0.00977431 0.01139911 0.02448265 0.019151498 0.08122200000000035 0.25380699999999834 0.01510067549792559 0.013915021655665874 "" ""
"b'SPLUS-n12s40 '" "b'iDR3.SPLUS-n12s40.039801 '" 206.44397433183 -14.462916160895166 2.1311815 42 3.7169135 13.911042 12.0 0 0.97976464 18.274498 18.274002 18.237291 18.215734 18.162498 18.201565 18.187809 17.838226 17.574665 17.768803 17.76714 17.744015 0.025971448 0.036534082 0.052375104 0.049079057 0.04466261 0.019979766 0.03725868 0.013063616 0.012737503 0.013110804 0.02813976 0.019801168 0.06942300000000046 0.26356099999999927 0.018508139953055034 0.018245603461394887 "" ""
"b'SPLUS-n05s45 '" "b'iDR3.SPLUS-n05s45.055708 '" 210.3261064475697 -4.930110160295716 2.950069 67 3.5667675 14.376531 12.0 0 0.9818161 18.039347 17.978567 17.99094 18.015402 17.960331 18.039701 18.011078 17.834152 17.628826 17.815577 17.803116 17.832516 0.016202947 0.021485401 0.03415419 0.030267801 0.026666798 0.011599522 0.022850906 0.010085182 0.010218442 0.011817702 0.02281435 0.019033197 0.018574999999998454 0.20532599999999945 0.015536054085060595 0.014357139439334284 "" ""
"b'SPLUS-n09s43 '" "b'iDR3.SPLUS-n09s43.034714 '" 208.74646869233905 -10.705282213024404 3.6666875 68 4.4174843 14.754452 12.0 0 0.98005784 17.938885 17.53119 17.815826 17.932047 17.80851 17.91021 17.978146 17.844309 17.504673 17.835358 16.80407 17.092972 0.022963483 0.025056163 0.046827838 0.04795918 0.041496456 0.018940091 0.038807128 0.015988337 0.016199233 0.017420525 0.016177159 0.014531764 0.00895099999999971 0.3396359999999987 0.023645329587493467 0.022760537555467752 "" ""
"b'HYDRA-0131   '" "b'iDR3.HYDRA-0131.048903   '" 154.5059687858521 -42.00491806281544 2.2300653 51 3.3919153 14.122306 12.0 0 0.9815328 19.291782 18.765413 18.620968 18.484722 18.375458 18.20391 18.051456 17.81712 17.524292 17.67809 17.610592 17.607489 0.04707377 0.04797997 0.06469678 0.048891846 0.04357647 0.015463628 0.028159015 0.010642701 0.010151757 0.01075959 0.019749554 0.016584883 0.1390299999999982 0.2928280000000001 0.01513393080278554 0.014707999685968517 "" ""
"b'HYDRA-0076   '" "b'iDR3.HYDRA-0076.070815   '" 164.97300347862978 -31.72613193883352 1.9033738 42 3.3620467 13.845647 12.0 0 0.98212934 20.09273 19.510017 19.406517 18.804068 18.857883 18.40731 18.148905 17.792555 17.366669 17.54609 17.463936 17.441128 0.075006165 0.077072345 0.115309335 0.06390869 0.06496238 0.01842571 0.031765778 0.010604206 0.00967424 0.01035497 0.018485764 0.014968713 0.2464650000000006 0.42588599999999843 0.014821423298433115 0.014354097131761232 "" ""
"b'HYDRA-D-0001 '" "b'iDR3.HYDRA-D-0001.134180 '" 158.6222802111339 -33.89994773290312 2.0258276 75 1.82 14.539667 12.0 0 0.9815227 19.228363 19.075903 19.650068 20.9398 18.58892 18.218706 18.926914 17.93565 16.849821 17.429405 16.161394 18.515306 0.020212296 0.028914439 0.07900576 0.20874175 0.027364094 0.0073395316 0.028626967 0.005810577 0.003775946 0.0049542 0.0043186634 0.017444247 0.5062449999999998 1.0858290000000004 0.0076358956719515874 0.006929687818931311 "" ""
