Star-v5/16r18-emitters/Halpha-DR3-SPLUS-PStotal-STAR-16r18-v5-Final-merge.ecsv
# %ECSV 1.0
# ---
# datatype:
# - {name: Field, datatype: string}
# - {name: ID, datatype: string}
# - {name: RA, datatype: float64}
# - {name: DEC, datatype: float64}
# - {name: FWHM, datatype: float64}
# - {name: ISOarea, datatype: int64}
# - {name: KRON_RADIUS, datatype: float64}
# - {name: MU_MAX, datatype: float64}
# - {name: nDet_PStotal, datatype: float64}
# - {name: PhotoFlagDet, datatype: int64}
# - {name: CLASS_STAR, datatype: float64}
# - {name: u_PStotal, datatype: float64}
# - {name: J0378_PStotal, datatype: float64}
# - {name: J0395_PStotal, datatype: float64}
# - {name: J0410_PStotal, datatype: float64}
# - {name: J0430_PStotal, datatype: float64}
# - {name: g_PStotal, datatype: float64}
# - {name: J0515_PStotal, datatype: float64}
# - {name: r_PStotal, datatype: float64}
# - {name: J0660_PStotal, datatype: float64}
# - {name: i_PStotal, datatype: float64}
# - {name: J0861_PStotal, datatype: float64}
# - {name: z_PStotal, datatype: float64}
# - {name: e_u_PStotal, datatype: float64}
# - {name: e_J0378_PStotal, datatype: float64}
# - {name: e_J0395_PStotal, datatype: float64}
# - {name: e_J0410_PStotal, datatype: float64}
# - {name: e_J0430_PStotal, datatype: float64}
# - {name: e_g_PStotal, datatype: float64}
# - {name: e_J0515_PStotal, datatype: float64}
# - {name: e_r_PStotal, datatype: float64}
# - {name: e_J0660_PStotal, datatype: float64}
# - {name: e_i_PStotal, datatype: float64}
# - {name: e_J0861_PStotal, datatype: float64}
# - {name: e_z_PStotal, datatype: float64}
# - {name: r - i, datatype: float64}
# - {name: r - J0660, datatype: float64}
# - {name: e(r - i), datatype: float64}
# - {name: e(r - J0660), datatype: float64}
# - {name: P(GoodPho), datatype: float64}
# - {name: P(BadPho), datatype: float64}
# schema: astropy-2.0
Field ID RA DEC FWHM ISOarea KRON_RADIUS MU_MAX nDet_PStotal PhotoFlagDet CLASS_STAR u_PStotal J0378_PStotal J0395_PStotal J0410_PStotal J0430_PStotal g_PStotal J0515_PStotal r_PStotal J0660_PStotal i_PStotal J0861_PStotal z_PStotal e_u_PStotal e_J0378_PStotal e_J0395_PStotal e_J0410_PStotal e_J0430_PStotal e_g_PStotal e_J0515_PStotal e_r_PStotal e_J0660_PStotal e_i_PStotal e_J0861_PStotal e_z_PStotal "r - i" "r - J0660" "e(r - i)" "e(r - J0660)" P(GoodPho) P(BadPho)
[from data line 197]
"b'SPLUS-s26s40 '" "b'iDR3.SPLUS-s26s40.012835 '" 62.877144254160285 -33.89197020875841 2.8059552 85 4.2589264 14.2712 12.0 2 0.9801446 17.827099 17.777733 17.933323 17.977932 17.908092 17.945873 17.869047 17.604694 17.338852 17.550041 17.511074 17.54138 0.015316387 0.022419304 0.03279465 0.030858587 0.0271273 0.011288501 0.021876618 0.008915844 0.009032578 0.01033819 0.021172011 0.017331466 0.054652999999998286 0.26584199999999925 0.013651756176713528 0.012691719330272789 0.6627890452458063 0.33721095475419377
b'STRIPE82-0154' b'iDR3.STRIPE82-0154.027251' 347.231188850614 0.6182549476788003 1.9981332 67 3.4435282 13.57395 12.0 2 0.9821658 18.037512 18.046118 18.283634 18.251324 17.683746 17.83242 17.682198 17.580984 17.23439 17.33009 17.406868 17.345463 0.016811194 0.027473345 0.06622591 0.06081384 0.02567657 0.010300591 0.026109679 0.009119844 0.008293997 0.008001937 0.016014611 0.012033029 0.2508940000000024 0.3465939999999996 0.01213270581264975 0.01232728440575397 0.6370704378094607 0.36292956219053923
b'STRIPE82-0012' b'iDR3.STRIPE82-0012.042042' 7.416749471161749 1.0913027872498264 3.6390471 58 3.781791 14.716938 12.0 2 0.9806047 18.485476 18.29707 18.362953 18.483002 18.345703 18.331276 18.34012 17.955307 17.714594 17.933582 17.97818 17.98826 0.024365183 0.026622763 0.042433277 0.037696376 0.033597246 0.013301072 0.026957907 0.009825059 0.009803103 0.011626058 0.025276534 0.020707032 0.021724999999999994 0.2407129999999995 0.015221596794451132 0.013879215135665634 0.709063508972061 0.29093649102793895
"b'SPLUS-s23s28 '" "b'iDR3.SPLUS-s23s28.048482 '" 326.4167001057865 -29.32690805408077 2.2089298 116 3.9019687 13.924645 12.0 3 0.9318033 19.437794 18.850342 19.113686 19.05526 18.784925 18.633448 18.409397 17.851534 17.43653 17.70914 16.600075 16.870674 0.03523373 0.034471765 0.06276935 0.051217884 0.04186698 0.014966014 0.026566638 0.00898957 0.00847237 0.009875129 0.009560254 0.008501425 0.14239399999999947 0.4150039999999997 0.01335404588697901 0.01235287101048983 0.6281017327868401 0.37189826721315994
"b'SPLUS-n18s14 '" "b'iDR3.SPLUS-n18s14.001911 '" 170.43590074946013 -23.586486727381168 2.0551062 70 3.9810543 13.893175 12.0 2 0.9771539 18.230312 18.189472 18.190014 18.199383 17.982206 18.099344 18.095516 17.85497 17.648052 17.866434 17.928684 17.981651 0.017016381 0.024260113 0.035772998 0.03181349 0.02693615 0.011850813 0.024076069 0.009917426 0.010084251 0.012142813 0.025112905 0.02149307 -0.01146400000000014 0.2069180000000017 0.01567811359884999 0.014143813371805957 0.7112328050816992 0.2887671949183009
"b'SPLUS-n18s16 '" "b'iDR3.SPLUS-n18s16.012262 '" 172.39697543646443 -23.35687384364398 2.4252687 67 3.7984931 14.17707 12.0 2 0.98280764 18.311272 18.277681 18.292645 18.242079 18.192001 18.150618 18.1683 17.79935 17.534441 17.75225 17.749355 17.81264 0.019209286 0.02805346 0.040477257 0.033314608 0.030779596 0.012188547 0.024871662 0.00956363 0.009563838 0.010848737 0.023089433 0.01927674 0.047100000000000364 0.2649089999999994 0.014462299722798895 0.013525162330528384 0.6846466520835297 0.31535334791647035
"b'SPLUS-n17s07 '" "b'iDR3.SPLUS-n17s07.022847 '" 159.5631721304443 -21.85567857783408 1.8550154 51 3.349318 13.936044 12.0 2 0.98323804 18.190372 18.129902 18.216047 18.287594 18.243666 18.211472 18.211107 17.935022 17.639986 17.888695 17.876347 17.949352 0.01710054 0.023569709 0.03649838 0.032603364 0.030866042 0.012194283 0.024566287 0.010089229 0.010215857 0.010851635 0.02031459 0.017429072 0.04632700000000156 0.29503599999999963 0.014817237393916114 0.01435814319676782 0.6906157021657564 0.30938429783424365
"b'HYDRA-0165   '" "b'iDR3.HYDRA-0165.138172   '" 160.063563195022 -46.90854161403709 2.160777 82 5.147922 13.891352 12.0 3 0.92667663 19.318768 18.877981 18.464462 18.27653 18.230444 18.112858 17.985481 17.829506 17.58085 17.733612 17.71966 17.70565 0.04714305 0.047524102 0.052270837 0.040406384 0.035489496 0.013090935 0.02414917 0.010225167 0.010026575 0.011547061 0.021762729 0.018853076 0.0958939999999977 0.24865599999999688 0.015423639580708894 0.01432083260179079 0.6960668228563232 0.30393317714367685
"b'HYDRA-0136   '" "b'iDR3.HYDRA-0136.074873   '" 164.74015477204242 -41.13743188792535 2.7097592 52 4.1230397 15.11618 12.0 3 0.9792946 18.014288 17.928587 17.821451 18.00512 17.926437 17.97273 17.97065 17.887611 17.515242 17.905134 17.898521 17.97004 0.025821786 0.034172926 0.0461362 0.049222134 0.0406043 0.017406246 0.034549348 0.013358526 0.011921027 0.014001236 0.02764394 0.021915475 -0.01752300000000062 0.37236899999999906 0.01935161043480289 0.01790422021835648 0.658595826105397 0.34140417389460304
"b'HYDRA-0019   '" "b'iDR3.HYDRA-0019.032998   '" 163.27411690715056 -23.84018771544694 3.3618972 85 3.7547805 14.660567 12.0 2 0.9823788 20.217934 19.812048 19.69758 19.151667 18.905678 18.473906 18.276497 17.82048 17.316324 17.574524 17.472511 17.45032 0.07480883 0.08810875 0.13097636 0.07428913 0.058620974 0.016655913 0.03109896 0.010627207 0.009782363 0.010481938 0.019964779 0.014721335 0.24595599999999962 0.5041559999999983 0.01492677302221391 0.014444104488843122 0.5956816021217028 0.4043183978782971
"b'SPLUS-s24s70 '" "b'iDR3.SPLUS-s24s70.031264 '" 348.88240046675367 -30.813531857016685 2.099862 110 3.2778196 13.075192 12.0 2 0.9798774 16.66067 16.627388 16.621784 16.893513 16.765318 17.099766 17.061565 17.037813 16.204412 16.970192 16.72324 16.788134 0.008008082 0.011602969 0.016902644 0.016590128 0.015424742 0.007282199 0.014089956 0.0062318086 0.0047241715 0.0063604633 0.010575507 0.00798026 0.06762099999999904 0.8334009999999985 0.008904545570531988 0.007820053375038192 0.37131738561668626 0.6286826143833137
"b'HYDRA-D-0003 '" "b'iDR3.HYDRA-D-0003.118554 '" 158.2496293443126 -35.27867821150978 2.3094106 73 2.6481934 14.476961 12.0 2 0.9836048 19.570028 19.392067 19.763376 18.638872 17.525919 18.00547 17.892157 17.453835 16.439764 17.320206 17.243864 17.260975 0.027678736 0.038169354 0.08487483 0.031532206 0.0126107065 0.006602985 0.01355626 0.0045578354 0.0030336746 0.004879762 0.0088130655 0.0072865556 0.13362900000000266 1.0140710000000013 0.006677270453571366 0.005475129689073887 0.34546601070154725 0.6545339892984527
"b'SPLUS-n06s41 '" "b'iDR3.SPLUS-n06s41.004744 '" 204.0776714159391 -7.3810632714249085 3.3221204 108 3.9906778 14.480042 12.0 2 0.9202445 18.00182 17.735756 17.920746 17.972406 17.8807 17.921288 17.90268 17.615177 16.946861 17.749027 16.610125 17.126408 0.016388109 0.021813763 0.037626658 0.035674475 0.029975273 0.012986694 0.024121128 0.009635942 0.00749389 0.012048109 0.011296323 0.012769722 -0.13385000000000247 0.6683160000000008 0.015427517904810385 0.012206955622081371 0.49624209059764146 0.5037579094023585
"b'SPLUS-n14s08 '" "b'iDR3.SPLUS-n14s08.036163 '" 159.41303049767217 -17.376536789608366 2.6461942 72 4.0572968 14.842483 12.0 2 0.98031276 20.388462 20.110613 20.032211 19.32699 19.131374 18.617737 18.362457 17.98067 16.964586 17.729574 17.598528 17.586458 0.12762694 0.14440149 0.23487025 0.12697652 0.11889884 0.025336564 0.046530664 0.01376348 0.008062408 0.011750661 0.018811582 0.014844727 0.25109600000000043 1.0160839999999993 0.018097276470433913 0.015951043993070298 0.4092523863606605 0.5907476136393395
"b'SPLUS-n02n26 '" "b'iDR3.SPLUS-n02n26.033149 '" 184.73251321873695 2.0005938638657152 4.1674767 110 5.322041 14.671034 12.0 2 0.9438783 18.490171 18.198433 18.373615 18.390635 18.328289 18.355433 18.269665 17.97887 17.141075 18.013292 16.662315 17.158123 0.023188462 0.029248236 0.05094828 0.04691642 0.0417025 0.016474668 0.031953957 0.012202183 0.008984629 0.01569189 0.012423573 0.013988806 -0.034421999999999287 0.8377949999999998 0.019877843991177438 0.015153112823216554 0.47659875074619507 0.5234012492538049
