Star-v5/16r18-emitters/Halpha-DR3-SPLUS-PStotal-STAR-16r18-v5-Final-merge.ecsv
# %ECSV 1.0
# ---
# datatype:
# - {name: Field, datatype: string}
# - {name: ID, datatype: string}
# - {name: RA, datatype: float64}
# - {name: DEC, datatype: float64}
# - {name: FWHM, datatype: float64}
# - {name: ISOarea, datatype: int64}
# - {name: KRON_RADIUS, datatype: float64}
# - {name: MU_MAX, datatype: float64}
# - {name: nDet_PStotal, datatype: float64}
# - {name: PhotoFlagDet, datatype: int64}
# - {name: CLASS_STAR, datatype: float64}
# - {name: u_PStotal, datatype: float64}
# - {name: J0378_PStotal, datatype: float64}
# - {name: J0395_PStotal, datatype: float64}
# - {name: J0410_PStotal, datatype: float64}
# - {name: J0430_PStotal, datatype: float64}
# - {name: g_PStotal, datatype: float64}
# - {name: J0515_PStotal, datatype: float64}
# - {name: r_PStotal, datatype: float64}
# - {name: J0660_PStotal, datatype: float64}
# - {name: i_PStotal, datatype: float64}
# - {name: J0861_PStotal, datatype: float64}
# - {name: z_PStotal, datatype: float64}
# - {name: e_u_PStotal, datatype: float64}
# - {name: e_J0378_PStotal, datatype: float64}
# - {name: e_J0395_PStotal, datatype: float64}
# - {name: e_J0410_PStotal, datatype: float64}
# - {name: e_J0430_PStotal, datatype: float64}
# - {name: e_g_PStotal, datatype: float64}
# - {name: e_J0515_PStotal, datatype: float64}
# - {name: e_r_PStotal, datatype: float64}
# - {name: e_J0660_PStotal, datatype: float64}
# - {name: e_i_PStotal, datatype: float64}
# - {name: e_J0861_PStotal, datatype: float64}
# - {name: e_z_PStotal, datatype: float64}
# - {name: r - i, datatype: float64}
# - {name: r - J0660, datatype: float64}
# - {name: e(r - i), datatype: float64}
# - {name: e(r - J0660), datatype: float64}
# - {name: P(GoodPho), datatype: float64}
# - {name: P(BadPho), datatype: float64}
# schema: astropy-2.0
Field ID RA DEC FWHM ISOarea KRON_RADIUS MU_MAX nDet_PStotal PhotoFlagDet CLASS_STAR u_PStotal J0378_PStotal J0395_PStotal J0410_PStotal J0430_PStotal g_PStotal J0515_PStotal r_PStotal J0660_PStotal i_PStotal J0861_PStotal z_PStotal e_u_PStotal e_J0378_PStotal e_J0395_PStotal e_J0410_PStotal e_J0430_PStotal e_g_PStotal e_J0515_PStotal e_r_PStotal e_J0660_PStotal e_i_PStotal e_J0861_PStotal e_z_PStotal "r - i" "r - J0660" "e(r - i)" "e(r - J0660)" P(GoodPho) P(BadPho)
[from data line 67]
"b'SPLUS-s26s29 '" "b'iDR3.SPLUS-s26s29.025604 '" 44.86076224366632 -33.46027156410539 2.0870435 101 3.378339 12.930036 12.0 0 0.9852388 21.357399 21.567257 21.261051 20.439697 20.036907 18.797565 18.565475 17.467834 16.308748 16.27044 15.872721 15.725944 0.24835525 0.4866127 0.5857831 0.26244617 0.17991686 0.024371753 0.04165551 0.008654577 0.005158084 0.004675531 0.006588744 0.004501965 1.1973939999999992 1.1590859999999985 0.009836782664107712 0.010075094719156987 "" ""
"b'SPLUS-s31s58 '" "b'iDR3.SPLUS-s31s58.005192 '" 340.6693028324014 -40.724230325800185 2.9272084 89 3.8930283 14.048056 12.0 0 0.98132306 18.977339 18.605227 18.564283 18.086983 18.032562 17.757675 17.71946 17.392563 17.13745 17.27087 17.248491 17.236206 0.037686665 0.04144155 0.060766615 0.040068794 0.036778033 0.011425834 0.02443877 0.00861245 0.008421451 0.0089881085 0.015499359 0.013162969 0.1216930000000005 0.2551129999999979 0.012448308696777738 0.012045544070231987 "" ""
"b'SPLUS-s32s22 '" "b'iDR3.SPLUS-s32s22.006452 '" 37.99545513154192 -42.03245414235094 2.6414833 61 4.02044 13.910719 12.0 0 0.9796629 19.910063 19.06555 19.225899 18.502272 18.318846 18.00516 17.763887 17.459705 16.967949 17.250954 17.165745 17.145903 0.12269457 0.08929614 0.14924166 0.080692165 0.067240335 0.020854354 0.03394933 0.011294674 0.009472465 0.010386677 0.01747216 0.013960148 0.20875099999999946 0.49175599999999875 0.015344468705973661 0.01474100586603577 "" ""
b'STRIPE82-0060' b'iDR3.STRIPE82-0060.024189' 41.02787451513917 0.8469624920091511 2.8600202 101 3.7182462 14.3848 12.0 0 0.9845258 21.4435 20.966389 20.190945 20.273575 19.63879 18.829372 18.684488 17.469791 16.498463 16.419884 16.055643 15.948856 0.30648893 0.34340304 0.28033054 0.21024343 0.1131338 0.02035212 0.04679968 0.0093394015 0.006151115 0.005546508 0.008497655 0.005929743 1.049907000000001 0.9713279999999997 0.01086223602083228 0.011183051288509199 "" ""
b'STRIPE82-0095' b'iDR3.STRIPE82-0095.050546' 305.6755357560082 -0.6705609994373294 2.8866403 75 3.7800133 14.78001 12.0 0 0.9328522 19.12239 18.86126 18.8107 18.002636 18.111702 17.789238 17.724495 17.42128 17.160011 17.362364 17.12209 17.009567 0.049843222 0.06420302 0.08175801 0.036556207 0.035971176 0.012845037 0.024206547 0.009654191 0.0063135796 0.011709619 0.02624628 0.012653867 0.05891599999999997 0.26126899999999864 0.015176250557685254 0.011535366974223972 "" ""
b'STRIPE82-0108' b'iDR3.STRIPE82-0108.055379' 314.7087079949556 1.047261714518239 2.4699275 70 3.7863476 14.738057 12.0 0 0.9822804 19.48978 19.14414 18.945574 18.53104 18.453228 18.062643 17.826077 17.524858 17.259615 17.353367 17.334026 17.304337 0.052485112 0.059540484 0.07846536 0.04330954 0.03748341 0.011639378 0.021481436 0.008876299 0.008775383 0.009419598 0.017635152 0.015592761 0.17149099999999962 0.2652429999999981 0.01294285557437017 0.012481828020530087 "" ""
b'STRIPE82-0078' b'iDR3.STRIPE82-0078.003916' 53.62265212610798 0.1030804730611555 1.9290844 50 3.276307 14.106884 12.0 0 0.98337656 18.130188 17.784243 17.834913 17.931229 17.787401 17.831505 17.724009 17.532902 17.325905 17.54384 17.255825 17.066582 0.01691621 0.019352084 0.029850625 0.02668768 0.022402236 0.009064814 0.0193892 0.0077370685 0.008282602 0.008831695 0.015778152 0.009716566 -0.010937999999999448 0.2069970000000012 0.011741425192314487 0.011334183908164552 "" ""
b'STRIPE82-0006' b'iDR3.STRIPE82-0006.027457' 3.3638162881857334 0.875614770300196 2.453307 68 3.8451004 14.618223 12.0 0 0.9811778 18.274765 17.836054 17.969278 17.96479 17.881065 17.837841 17.71677 17.510834 17.140507 17.576159 17.475655 17.04944 0.025968825 0.026865164 0.042477407 0.036707558 0.031617526 0.012668684 0.025057672 0.009574525 0.008385513 0.011713447 0.022046087 0.012433553 -0.06532500000000141 0.37032699999999963 0.015128660535468234 0.012727464682677145 "" ""
b'STRIPE82-0004' b'iDR3.STRIPE82-0004.031191' 1.791687271704504 0.8914261244525057 2.3460238 83 3.6215017 14.215039 12.0 0 0.97640145 18.051054 17.802666 17.893925 17.884342 17.805138 17.741405 17.60704 17.346546 16.997475 17.311485 16.255241 16.726772 0.019044545 0.022458455 0.035604946 0.028157674 0.025862671 0.010588764 0.021888055 0.007781156 0.007655148 0.008505215 0.008291391 0.008353526 0.0350609999999989 0.3490709999999986 0.011527578709016087 0.010915478899170663 "" ""
"b'SPLUS-s22s19 '" "b'iDR3.SPLUS-s22s19.003524 '" 26.913386215352126 -28.883097657544933 2.7818706 109 3.8255873 13.989678 12.0 0 0.97759664 17.95166 17.53149 17.64634 17.725552 17.52486 17.631035 17.536041 17.417088 17.089622 17.473864 17.329084 17.013168 0.017374024 0.020696742 0.032277327 0.03455885 0.027541416 0.011395305 0.021857807 0.008664438 0.008619698 0.009877991 0.017396718 0.010669611 -0.05677599999999927 0.32746600000000115 0.013139527847374311 0.012221770717332575 "" ""
"b'SPLUS-s23s18 '" "b'iDR3.SPLUS-s23s18.046038 '" 26.913395203863196 -28.88312791748778 3.4896288 114 3.8710492 14.102059 12.0 0 0.8992059 17.939093 17.599728 17.658443 17.655693 17.569256 17.627663 17.54993 17.432892 17.121853 17.497175 17.346348 17.077095 0.014570879 0.018589275 0.029209375 0.02744108 0.024363607 0.010125501 0.019465828 0.007936671 0.007772342 0.009208752 0.016199052 0.010137279 -0.06428299999999965 0.3110389999999974 0.01215696754786098 0.01110855736480687 "" ""
"b'SPLUS-s24s23 '" "b'iDR3.SPLUS-s24s23.026646 '" 34.866661573073486 -30.76277662129932 2.8434455 85 3.7151973 13.984338 12.0 0 0.9822785 17.425066 17.176054 17.145454 17.611431 17.667282 17.508165 17.699924 17.47025 16.785912 17.373587 16.964716 17.085983 0.014247931 0.0178085 0.025666397 0.031779196 0.033107385 0.012858812 0.02678324 0.0100150155 0.006892712 0.009127421 0.012585632 0.0105409045 0.0966629999999995 0.6843380000000003 0.013550289649172863 0.012157714184014371 "" ""
"b'SPLUS-s19s24 '" "b'iDR3.SPLUS-s19s24.046375 '" 318.01301010017727 -23.58917427219513 4.236687 90 3.7934418 14.338752 12.0 0 0.98056674 18.605963 17.758362 17.0633 16.764322 16.732742 16.793095 16.716942 17.47061 17.219181 17.339321 17.10091 17.26539 0.022358747 0.021290226 0.022873309 0.017623715 0.01729528 0.00763817 0.014456035 0.0102632055 0.0118573895 0.011772374 0.0192887 0.018246097 0.13128899999999888 0.2514290000000017 0.015618008091018081 0.0156821896714056 "" ""
"b'SPLUS-s32s45 '" "b'iDR3.SPLUS-s32s45.033728 '" 318.10247638771125 -41.48147711626288 2.6314752 114 3.6218846 13.801866 12.0 0 0.9734843 17.620697 17.27629 17.431637 17.504526 17.427097 17.507923 17.44125 17.334705 16.984411 17.417744 17.10624 16.936779 0.015100701 0.017313011 0.027125899 0.02494963 0.022976063 0.009098446 0.017887138 0.007275569 0.006851163 0.008637905 0.01272438 0.009308247 -0.08303899999999942 0.3502939999999981 0.011293684388311282 0.00999361489784002 "" ""
"b'SPLUS-s26s49 '" "b'iDR3.SPLUS-s26s49.017561 '" 318.8549187622007 -33.858906126394245 3.1002133 123 3.7793965 14.178546 12.0 0 0.76613796 19.19146 18.822235 18.72811 18.286179 18.202356 17.880302 17.628067 17.34928 16.997288 17.180275 17.12204 17.084011 0.035974845 0.04342462 0.059949383 0.039265934 0.035810545 0.011343424 0.019477723 0.008324016 0.008055882 0.008209587 0.013979026 0.0103359725 0.16900499999999852 0.3519919999999992 0.011691302796473325 0.011583888689303778 "" ""
"b'SPLUS-s18s22 '" "b'iDR3.SPLUS-s18s22.035466 '" 316.4335000160541 -22.83059529555446 3.181797 111 3.7797744 14.332976 12.0 0 0.9709884 18.873924 18.487625 18.192274 17.975914 17.933952 17.69716 17.54618 17.340515 16.948408 17.207478 17.185928 17.186985 0.034877766 0.039703995 0.048509166 0.039673008 0.03751157 0.012074723 0.022625806 0.009373283 0.0072224396 0.008376799 0.014925675 0.01166974 0.13303700000000163 0.3921069999999993 0.012570966378305607 0.011833092071548212 "" ""
"b'SPLUS-s28s49 '" "b'iDR3.SPLUS-s28s49.046370 '" 318.82565416628546 -35.84271226182904 3.744839 75 3.7595248 14.370445 12.0 0 0.9698911 19.20781 18.973541 18.89814 18.30934 18.152782 17.836721 17.68159 17.34365 17.034433 17.193037 17.129568 17.094006 0.03594189 0.043776367 0.06407717 0.038156264 0.03418664 0.01153322 0.02096393 0.007471156 0.007582238 0.0078704655 0.014604319 0.011377254 0.15061299999999989 0.3092170000000003 0.010851838515340441 0.010644646779718903 "" ""
"b'SPLUS-n14s22 '" "b'iDR3.SPLUS-n14s22.025513 '" 180.38874609809423 -17.669584927614494 2.0269227 80 3.4569237 13.426607 12.0 0 0.98059773 20.645535 20.210566 20.1599 19.281178 19.022678 18.314255 18.215322 17.481659 17.144463 17.166567 17.068869 16.996227 0.09847712 0.11212596 0.17791821 0.07514731 0.06003296 0.014331303 0.027861482 0.008040657 0.007737964 0.0074764085 0.013053109 0.009606577 0.3150919999999999 0.33719600000000227 0.01097947398787944 0.011159222726379512 "" ""
"b'SPLUS-n06s03 '" "b'iDR3.SPLUS-n06s03.001090 '" 152.2965908227498 -7.464725163474657 2.7164407 103 3.460664 13.886141 12.0 0 0.97762835 20.89235 20.925941 20.160984 19.499863 19.040707 18.412685 18.383532 17.366255 16.850483 17.03687 16.890976 16.863 0.11447415 0.18832083 0.16411921 0.08920643 0.05989673 0.0155614875 0.031035334 0.007666542 0.006768331 0.0069950665 0.0121597815 0.008941401 0.3293849999999985 0.5157719999999983 0.010378189706166786 0.010226738031421602 "" ""
"b'SPLUS-n18s20 '" "b'iDR3.SPLUS-n18s20.007524 '" 177.79182471464384 -23.447253783049696 3.6771123 100 3.7721875 14.264984 12.0 0 0.95358366 18.665276 18.291689 17.908237 17.736858 17.630497 17.574137 17.478167 17.417484 17.131527 17.382496 17.326279 17.257675 0.024587622 0.027716795 0.031874537 0.026323061 0.024318561 0.0096291145 0.018058762 0.0076868623 0.007588362 0.00868897 0.01536393 0.012230369 0.03498800000000202 0.28595700000000335 0.011601122862898284 0.010801439249572498 "" ""
"b'SPLUS-n18s11 '" "b'iDR3.SPLUS-n18s11.054065 '" 165.25553314417823 -22.45249333991104 4.773346 100 3.9969316 14.342794 12.0 0 0.98319596 19.544582 19.3237 19.216694 18.527243 18.352295 18.009703 17.825344 17.474129 17.133541 17.285603 17.207188 17.206303 0.06705077 0.07376643 0.09866939 0.051184826 0.04305875 0.013376013 0.025320698 0.009629988 0.010790034 0.009231915 0.016514638 0.012765539 0.18852600000000308 0.34058800000000033 0.01334034944997203 0.014462416900411218 "" ""
"b'SPLUS-n15s14 '" "b'iDR3.SPLUS-n15s14.003404 '" 168.1632221426315 -19.54130779811753 2.5174632 78 3.6287255 13.882077 12.0 0 0.9796831 19.160542 18.823002 18.728558 18.29372 18.20339 17.892872 17.72957 17.488062 17.21966 17.311392 17.300394 17.231895 0.031839494 0.03863391 0.05623213 0.03799325 0.035664964 0.01129079 0.020527579 0.008116965 0.008265376 0.008542873 0.015295591 0.011982437 0.17666999999999788 0.26840199999999825 0.011784133396451093 0.011584539750572786 "" ""
"b'SPLUS-n03s25 '" "b'iDR3.SPLUS-n03s25.042152 '" 182.9464319629031 -2.3945391942684617 2.1992068 83 3.37747 13.312064 12.0 0 0.98070264 21.107061 20.759327 20.291126 19.66214 19.454117 18.452717 18.420649 17.367249 16.919588 16.829502 16.63855 16.59267 0.16032937 0.18198873 0.18205643 0.096148625 0.07689106 0.015729265 0.030706147 0.007715126 0.006854295 0.0064087203 0.010706742 0.0079995515 0.5377469999999995 0.4476610000000001 0.010029699151993947 0.010320103155632749 "" ""
"b'SPLUS-n11s34 '" "b'iDR3.SPLUS-n11s34.016752 '" 195.68164279128675 -13.931326571318332 2.3477015 69 3.452098 13.860684 12.0 0 0.98267746 18.339754 18.094866 18.096401 18.104895 17.959831 17.923235 17.857525 17.51646 17.217976 17.55911 17.645866 17.661524 0.019364132 0.024114596 0.03589015 0.032382388 0.02884353 0.011260783 0.021103283 0.007883449 0.00782408 0.0089293895 0.0183646 0.0137952 -0.04265000000000185 0.2984839999999984 0.011911455199861656 0.011106979606625782 "" ""
"b'SPLUS-n11s39 '" "b'iDR3.SPLUS-n11s39.006619 '" 202.51911609814465 -14.087230888069657 2.7050483 58 3.8213518 13.984527 12.0 0 0.98352826 19.535942 19.21787 19.096924 18.421837 18.367935 17.986824 17.789278 17.460728 17.149233 17.296951 17.293554 17.272495 0.042488117 0.052232724 0.07505211 0.041639257 0.038667407 0.012536462 0.021161934 0.008479245 0.008693868 0.008762104 0.023693597 0.013272308 0.16377699999999962 0.31149500000000074 0.012193115363878133 0.012144172947197721 "" ""
"b'SPLUS-n10s37 '" "b'iDR3.SPLUS-n10s37.027318 '" 200.93371811191045 -12.053272612599368 4.6897717 103 4.0974784 14.942017 12.0 0 0.9817209 19.023664 18.369902 17.451172 17.909502 17.88958 17.763216 17.61565 17.443424 17.087072 17.376282 17.051477 17.336037 0.042955276 0.042370263 0.029560283 0.0411755 0.038409326 0.0131911645 0.024630694 0.010359411 0.008431438 0.011620029 0.016952338 0.017279105 0.06714200000000048 0.3563520000000011 0.015567352704546848 0.013356891218197631 "" ""
"b'SPLUS-n08s40 '" "b'iDR3.SPLUS-n08s40.034743 '" 204.4035163812507 -9.367173742851037 2.213215 64 3.484639 13.649936 12.0 0 0.9826959 20.011982 19.781452 19.433609 18.769258 18.613384 18.173935 17.984608 17.488022 17.029778 17.243145 17.182613 17.140549 0.061180763 0.082591616 0.09679879 0.051313132 0.045189273 0.013443617 0.023796245 0.008399302 0.007947421 0.008235576 0.018087504 0.011894578 0.24487700000000245 0.45824400000000054 0.011763204756314498 0.011563294281408088 "" ""
"b'SPLUS-n11s37 '" "b'iDR3.SPLUS-n11s37.027017 '" 200.08450573920112 -13.476817809749736 3.4920368 69 3.820244 14.354303 12.0 0 0.9820204 19.610556 19.15654 19.057755 18.64788 18.344463 17.94207 17.823086 17.412968 16.986494 17.2128 17.14376 17.127388 0.06368586 0.06384346 0.091945544 0.064845905 0.048873987 0.014246594 0.025250478 0.0092635285 0.007672324 0.00846461 0.016375013 0.01150645 0.2001679999999979 0.4264739999999989 0.012548409569439955 0.01202819669906043 "" ""
"b'SPLUS-n06s40 '" "b'iDR3.SPLUS-n06s40.000006 '" 202.53709964909785 -7.496103366777636 4.8780894 74 3.888676 14.1303835 12.0 0 0.9768367 19.185358 19.485596 19.961376 19.924046 19.681728 18.010319 18.551361 17.505186 17.185146 17.373821 16.904926 16.844711 0.043709274 0.09284792 0.21396002 0.1978872 0.14717595 0.016344586 0.050023366 0.010538567 0.009576402 0.010304518 0.01442521 0.011075503 0.13136499999999884 0.32003999999999877 0.014739215909464554 0.01423969345453381 "" ""
"b'HYDRA-0133   '" "b'iDR3.HYDRA-0133.079571   '" 157.89103396413373 -41.19779496810856 2.5386033 57 3.8617294 13.728836 12.0 0 0.98203284 20.71944 20.699753 19.747732 18.924221 18.89407 18.231781 18.087564 17.363901 16.918764 17.003004 16.870296 16.816545 0.18586747 0.33643195 0.22248721 0.124208085 0.12270779 0.027141755 0.04644187 0.010937042 0.009072766 0.008661047 0.013979606 0.010602464 0.3608969999999978 0.445136999999999 0.013951079630120851 0.0142103473075263 "" ""
"b'HYDRA-0124   '" "b'iDR3.HYDRA-0124.062117   '" 156.90163714717752 -40.34581382019134 2.5863426 62 3.5712976 14.116586 12.0 0 0.982405 20.296991 20.11678 19.85495 19.091028 18.812794 18.249245 18.071583 17.521585 17.19786 17.261251 17.178246 17.155762 0.13301012 0.15725528 0.18185556 0.087422945 0.06750616 0.016997231 0.029916536 0.009134974 0.008747906 0.0084891245 0.014844484 0.011794572 0.2603340000000003 0.32372500000000315 0.012470484543800864 0.012648067416230513 "" ""
"b'HYDRA-0024   '" "b'iDR3.HYDRA-0024.026165   '" 155.32350561166393 -25.44855783056095 2.073879 84 3.7648964 13.622761 12.0 0 0.9742036 18.132769 17.704355 17.849026 17.821926 17.699965 17.799576 17.71886 17.539309 17.234016 17.535555 17.37527 17.068748 0.017922329 0.020950725 0.032280125 0.027258292 0.024085188 0.010581039 0.019766174 0.008497998 0.008179283 0.010081136 0.018872859 0.011803267 0.0037540000000007012 0.3052929999999989 0.013185039744289737 0.011794771740143723 "" ""
