Star-v5/16r18-emitters/Halpha-DR3-SPLUS-PStotal-STAR-16r18-v5-Final-merge.ecsv
# %ECSV 1.0
# ---
# datatype:
# - {name: Field, datatype: string}
# - {name: ID, datatype: string}
# - {name: RA, datatype: float64}
# - {name: DEC, datatype: float64}
# - {name: FWHM, datatype: float64}
# - {name: ISOarea, datatype: int64}
# - {name: KRON_RADIUS, datatype: float64}
# - {name: MU_MAX, datatype: float64}
# - {name: nDet_PStotal, datatype: float64}
# - {name: PhotoFlagDet, datatype: int64}
# - {name: CLASS_STAR, datatype: float64}
# - {name: u_PStotal, datatype: float64}
# - {name: J0378_PStotal, datatype: float64}
# - {name: J0395_PStotal, datatype: float64}
# - {name: J0410_PStotal, datatype: float64}
# - {name: J0430_PStotal, datatype: float64}
# - {name: g_PStotal, datatype: float64}
# - {name: J0515_PStotal, datatype: float64}
# - {name: r_PStotal, datatype: float64}
# - {name: J0660_PStotal, datatype: float64}
# - {name: i_PStotal, datatype: float64}
# - {name: J0861_PStotal, datatype: float64}
# - {name: z_PStotal, datatype: float64}
# - {name: e_u_PStotal, datatype: float64}
# - {name: e_J0378_PStotal, datatype: float64}
# - {name: e_J0395_PStotal, datatype: float64}
# - {name: e_J0410_PStotal, datatype: float64}
# - {name: e_J0430_PStotal, datatype: float64}
# - {name: e_g_PStotal, datatype: float64}
# - {name: e_J0515_PStotal, datatype: float64}
# - {name: e_r_PStotal, datatype: float64}
# - {name: e_J0660_PStotal, datatype: float64}
# - {name: e_i_PStotal, datatype: float64}
# - {name: e_J0861_PStotal, datatype: float64}
# - {name: e_z_PStotal, datatype: float64}
# - {name: r - i, datatype: float64}
# - {name: r - J0660, datatype: float64}
# - {name: e(r - i), datatype: float64}
# - {name: e(r - J0660), datatype: float64}
# - {name: P(GoodPho), datatype: float64}
# - {name: P(BadPho), datatype: float64}
# schema: astropy-2.0
Field ID RA DEC FWHM ISOarea KRON_RADIUS MU_MAX nDet_PStotal PhotoFlagDet CLASS_STAR u_PStotal J0378_PStotal J0395_PStotal J0410_PStotal J0430_PStotal g_PStotal J0515_PStotal r_PStotal J0660_PStotal i_PStotal J0861_PStotal z_PStotal e_u_PStotal e_J0378_PStotal e_J0395_PStotal e_J0410_PStotal e_J0430_PStotal e_g_PStotal e_J0515_PStotal e_r_PStotal e_J0660_PStotal e_i_PStotal e_J0861_PStotal e_z_PStotal "r - i" "r - J0660" "e(r - i)" "e(r - J0660)" P(GoodPho) P(BadPho)
b'STRIPE82-0154' b'iDR3.STRIPE82-0154.047956' 346.99773847816675 1.352716401874542 2.0965233 209 2.9600408 12.183438 12.0 0 0.9995708 17.746775 17.356304 17.30188 16.882708 16.779884 16.481216 16.262306 16.024363 15.755422 15.882215 15.84936 15.822377 0.013917895 0.018092101 0.033764817 0.02787244 0.01562837 0.0052145286 0.011814131 0.0040320847 0.003920407 0.0036366216 0.006231242 0.004537035 0.1421480000000006 0.26894100000000165 0.0054297995993922874 0.005623815259556727 "" ""
b'STRIPE82-0105' b'iDR3.STRIPE82-0105.074540' 312.82152469985664 0.0357670444400493 3.5176797 236 3.1853678 13.152878 12.0 0 0.9773044 18.28603 18.273327 17.753134 16.641926 16.910269 16.367811 16.4051 16.01398 15.701316 15.977158 15.4266205 15.035553 0.019842917 0.02814625 0.029104097 0.012625211 0.014242326 0.004636831 0.009825493 0.003626064 0.0039038062 0.0038442472 0.007175781 0.0029036375 0.0368220000000008 0.31266399999999983 0.00528456021507976 0.005328043072203381 "" ""
"b'SPLUS-s24s48 '" "b'iDR3.SPLUS-s24s48.002957 '" 74.70038090857064 -31.54311525156392 3.0610924 196 3.2623796 13.061012 12.0 0 0.97906965 17.918745 17.58934 17.48235 16.9062 16.828205 16.581982 16.443583 16.231121 15.979159 16.114779 16.088943 16.111744 0.016974786 0.020509059 0.028223269 0.018014837 0.016647356 0.006085653 0.0113980705 0.0046546953 0.004843802 0.0045742253 0.0079447515 0.0062242392 0.11634200000000305 0.25196200000000246 0.006526080403351018 0.006717782830000245 "" ""
b'STRIPE82-0037' b'iDR3.STRIPE82-0037.020376' 25.07109927100977 -0.8341590148622415 2.3883944 164 3.160242 13.251481 12.0 0 0.99849784 16.372065 16.052092 16.351238 16.388922 16.302101 16.372818 16.358753 16.3605 16.145046 16.451126 15.362248 15.743148 0.0066830055 0.007792172 0.013237117 0.011086078 0.009832722 0.0045266817 0.008992762 0.0043377606 0.0045385296 0.0050140377 0.0049675805 0.004402641 -0.09062600000000032 0.2154539999999976 0.006629988015067119 0.006278090310993345 "" ""
"b'SPLUS-s23s21 '" "b'iDR3.SPLUS-s23s21.002066 '" 314.2175054095468 -30.244385711535383 2.0540037 131 3.1169624 12.30958 12.0 0 0.98112124 16.140862 16.295662 16.205433 16.616741 16.61348 16.952698 16.930765 16.43954 15.802792 16.039864 16.05658 15.955928 0.006270889 0.00885893 0.01225712 0.01419289 0.016661374 0.007082541 0.013768375 0.0046478636 0.003946169 0.0040140026 0.007521136 0.005032906 0.3996759999999995 0.6367480000000008 0.006141241968609584 0.006097121109242128 "" ""
"b'SPLUS-n18s15 '" "b'iDR3.SPLUS-n18s15.013031 '" 171.8227691471969 -23.320138157254476 2.209977 154 3.2748847 12.659367 12.0 0 0.9816768 18.601152 17.912169 17.42139 17.142616 16.949745 16.551674 16.61139 16.367746 16.168755 16.35971 16.173508 16.335907 0.025551584 0.02384206 0.02584669 0.019996086 0.016829731 0.0058761756 0.011511813 0.004722817 0.004896669 0.0051097777 0.0080630295 0.007111657 0.008036000000000598 0.19899099999999947 0.006958076498494845 0.006803114559600624 "" ""
"b'HYDRA-0053   '" "b'iDR3.HYDRA-0053.009506   '" 157.1671980507234 -29.986824557513728 2.4598012 118 3.1647305 13.1399 12.0 0 0.9815049 19.350523 18.748993 18.258324 17.715675 17.47319 17.227398 16.794304 16.44262 16.072409 16.067421 15.730285 15.872236 0.056480322 0.052785147 0.05411487 0.03371935 0.02602915 0.008699091 0.013914397 0.0047283727 0.0046129087 0.004012401 0.006001182 0.0046700183 0.37519900000000206 0.3702110000000012 0.006201360348738515 0.00660578799725218 "" ""
"b'HYDRA-0134   '" "b'iDR3.HYDRA-0134.025098   '" 160.28639352699972 -42.19955636290219 2.5357146 89 3.4675455 12.79109 12.0 0 0.983161 18.86045 18.70919 18.355392 17.772038 17.618895 17.09654 16.925562 16.428844 15.865499 16.169874 16.087513 16.042263 0.040165506 0.054648492 0.06353159 0.038776793 0.033677988 0.009854304 0.016582195 0.005516809 0.004572497 0.0047970647 0.0075505646 0.005561836 0.2589700000000015 0.5633450000000018 0.007310746287381821 0.0071653967341306374 "" ""
"b'HYDRA-0154   '" "b'iDR3.HYDRA-0154.102015   '" 155.70206412488218 -45.89548222122048 2.091071 122 3.1632004 12.693123 12.0 0 0.9990065 18.58903 18.21074 18.0458 17.51541 17.42777 17.02367 16.830399 16.449055 16.042366 16.240356 16.170183 16.154533 0.023915358 0.02726325 0.03588956 0.022293855 0.019986294 0.006938402 0.011972289 0.004834357 0.004647285 0.0047003916 0.00836595 0.006296701 0.20869900000000285 0.4066890000000001 0.00674275083306506 0.0067058381634717374 "" ""
b'STRIPE82-0087' b'iDR3.STRIPE82-0087.058024' 300.06977974538904 -0.8669012824141373 3.983394 190 3.5375721 14.369072 12.0 0 0.9503244 19.054401 18.75006 18.34498 17.832691 17.662718 17.22271 16.864208 16.496603 16.102436 16.243183 15.903517 16.0592 0.029555276 0.05115279 0.049232848 0.024205012 0.020551473 0.005763973 0.010065575 0.0037963146 0.003844313 0.003602422 0.005278526 0.004509782 0.253420000000002 0.3941669999999995 0.005233492983491729 0.005402846192900753 "" ""
b'STRIPE82-0150' b'iDR3.STRIPE82-0150.022850' 344.672536896105 0.7010042726315829 3.4411652 173 3.5533483 13.418533 12.0 0 0.9839144 18.442787 18.12583 18.054377 17.530758 17.381649 17.065044 16.882671 16.510674 15.787231 16.275341 16.205975 16.178434 0.01817525 0.045429878 0.048002232 0.029649653 0.02490848 0.008350698 0.014270247 0.005398477 0.0043071494 0.004953862 0.008478688 0.0064952173 0.23533300000000068 0.7234430000000014 0.007326957256226694 0.006906163180337498 "" ""
"b'SPLUS-s24s17 '" "b'iDR3.SPLUS-s24s17.039320 '" 25.01047767040549 -30.44914382127544 2.8585207 141 3.4059837 12.974673 12.0 0 0.9840382 18.914036 18.47165 18.38255 17.744326 17.58567 17.106298 16.880438 16.457663 16.052362 16.176086 16.113157 16.055317 0.037506234 0.04014039 0.059844833 0.034488272 0.03017853 0.00901682 0.015103979 0.005088625 0.004934054 0.004389879 0.007917731 0.005313066 0.28157699999999863 0.40530100000000147 0.006720501620062747 0.007087947041671587 "" ""
"b'SPLUS-s31s44 '" "b'iDR3.SPLUS-s31s44.019689 '" 316.7000786165858 -40.334348615950496 5.5847573 152 3.5633929 13.553239 12.0 0 0.96844286 16.323307 16.17455 16.2767 16.352522 16.350523 16.493847 16.522545 16.525349 16.323256 16.664688 16.687103 16.76533 0.004562818 0.006020033 0.009798739 0.008361425 0.007852011 0.0050959294 0.0077477954 0.0041241855 0.0040744822 0.0055984342 0.012739448 0.016596898 -0.1393390000000032 0.20209299999999786 0.006953515048530483 0.005797440058899021 "" ""
"b'SPLUS-s30s45 '" "b'iDR3.SPLUS-s30s45.031891 '" 314.7498540986363 -38.776753269410825 2.2244277 122 3.3163388 12.754511 12.0 0 0.99242 19.22153 18.94976 18.597584 17.94631 17.775166 17.199875 17.030476 16.521797 16.211351 16.282646 16.218369 16.171574 0.0314531 0.038245115 0.046115603 0.02638137 0.022501014 0.00689594 0.012479148 0.004734308 0.004817156 0.0049096704 0.008765265 0.0066926233 0.23915099999999967 0.3104459999999989 0.006820449814748302 0.006754159027384535 "" ""
"b'HYDRA-D-0002 '" "b'iDR3.HYDRA-D-0002.076161 '" 157.1051902305326 -34.22410184201701 1.7425 98 2.892184 13.075312 12.0 0 0.9809637 19.397682 19.384548 18.909615 18.081142 17.804726 17.462702 17.004951 16.666113 16.157818 16.359068 15.758803 16.174595 0.04013667 0.06639146 0.0750283 0.032594737 0.025392361 0.00771344 0.012822356 0.0047817607 0.0043972954 0.0043724715 0.00579361 0.005253848 0.3070449999999987 0.5082950000000004 0.006479486276733421 0.006496263712852616 "" ""
"b'HYDRA-0037   '" "b'iDR3.HYDRA-0037.036749   '" 160.3236295406027 -26.586227038894226 2.067854 104 3.2704039 13.539873 12.0 0 0.9826458 18.196564 17.84425 17.67883 17.290312 17.247532 16.97711 16.808966 16.555824 16.31234 16.41389 16.364977 16.363655 0.023469267 0.027669253 0.03891593 0.026256124 0.02363828 0.0075720134 0.014115761 0.0051980596 0.0054567163 0.0050413115 0.009286353 0.0065598986 0.14193400000000267 0.24348400000000225 0.00724117706213461 0.007536283990391939 "" ""
"b'HYDRA-0080   '" "b'iDR3.HYDRA-0080.032627   '" 155.1756706372574 -33.83399007627319 2.0665846 116 3.1170084 12.701449 12.0 0 0.98897284 16.919079 16.711733 16.626297 16.709854 16.729862 16.752518 16.749348 16.660856 16.342617 16.602028 16.264845 16.535496 0.009916057 0.012188796 0.016131863 0.014597434 0.014112306 0.0060093617 0.011712189 0.005193621 0.00512503 0.0052784 0.007870954 0.006673468 0.058827999999998326 0.3182389999999984 0.007405079719465618 0.007296549293504499 "" ""
"b'SPLUS-s03s04 '" "b'iDR3.SPLUS-s03s04.009807 '" 329.3658517917474 -3.2052445223161725 2.4398284 111 3.5276551 13.192239 12.0 0 0.9810386 18.48998 18.153229 18.059471 17.558752 17.458876 17.201744 16.997604 16.73029 16.207268 16.57719 16.539736 16.532795 0.030856455 0.033099346 0.045838863 0.030148176 0.027429387 0.009717964 0.016540162 0.006105054 0.005305242 0.0057481728 0.010044878 0.0074045886 0.15309999999999846 0.523022000000001 0.008385295157689791 0.00808809477080233 "" ""
"b'SPLUS-s03s04 '" "b'iDR3.SPLUS-s03s04.021783 '" 328.0731299466907 -2.8875318890509862 2.502129 112 3.4414008 13.194757 12.0 0 0.98201954 18.993767 18.78061 18.587284 17.823679 17.744528 17.280098 17.091833 16.694605 16.294744 16.502125 16.443605 16.408337 0.04521631 0.052460454 0.06799308 0.036584146 0.033677563 0.010282885 0.017675886 0.0060552945 0.005621817 0.005554024 0.009474422 0.006828764 0.19247999999999976 0.3998609999999978 0.008216676583285133 0.00826265198729919 "" ""
"b'SPLUS-s25s48 '" "b'iDR3.SPLUS-s25s48.044218 '" 75.64319034577782 -31.904303662693387 2.8825955 122 3.4499063 13.391514 12.0 0 0.98296785 19.637463 19.4806 19.275017 18.389357 18.093716 17.484089 17.322536 16.701605 16.196314 16.404055 16.283672 16.260735 0.046114534 0.060001474 0.08866117 0.041645706 0.03205502 0.008955276 0.01645119 0.005393536 0.0048866887 0.005088444 0.008409974 0.006696338 0.2975500000000011 0.5052909999999997 0.007415018066359111 0.0072780462374186445 "" ""
"b'SPLUS-s43s46 '" "b'iDR3.SPLUS-s43s46.027730 '" 345.4132209059663 -55.78488426174897 3.0500631 79 3.6587121 13.414455 12.0 0 0.98304904 18.291042 17.967167 17.829918 17.40429 17.404722 17.116543 16.905684 16.689812 16.286648 16.536398 16.516209 16.503298 0.031511605 0.037763976 0.052169777 0.03541312 0.034708854 0.010687684 0.018277692 0.007018678 0.0066749672 0.006594865 0.012057064 0.009231503 0.1534140000000015 0.4031640000000003 0.009630892234674263 0.009685919057516423 "" ""
"b'SPLUS-s24s65 '" "b'iDR3.SPLUS-s24s65.047942 '" 340.8584488076185 -30.269941699405987 3.982693 170 3.700577 13.987581 12.0 0 0.9791693 18.188997 17.812845 17.63937 17.378952 17.347862 17.147842 16.990108 16.803236 16.44223 16.674553 16.64391 16.648369 0.01835689 0.022950143 0.031231428 0.023230635 0.02351928 0.008491989 0.01600844 0.006555786 0.006058416 0.0059057595 0.010128918 0.0077018044 0.12868299999999877 0.3610059999999997 0.008823623141863905 0.008926518610681994 "" ""
"b'SPLUS-s25s12 '" "b'iDR3.SPLUS-s25s12.007453 '" 16.722666519750696 -32.72831437441763 2.137667 147 3.2830913 12.873341 12.0 0 0.9778816 17.19006 16.883648 16.904524 16.918987 16.857489 16.872787 16.803095 16.695087 16.507713 16.754473 16.674126 16.452251 0.009962523 0.0124978 0.018318512 0.01691437 0.016000638 0.0066214656 0.012628767 0.0053883903 0.0057256804 0.0061928187 0.011531024 0.0075129615 -0.05938599999999994 0.18737400000000193 0.008208882596078701 0.00786245292946662 "" ""
"b'SPLUS-n17s21 '" "b'iDR3.SPLUS-n17s21.079820 '" 180.25209019782352 -20.97487286420618 2.094634 145 3.1116676 12.867665 12.0 0 0.9755777 19.182514 18.88522 18.644772 17.944668 17.861906 17.37033 17.246601 16.771067 16.326101 16.54565 16.477526 16.447102 0.025474489 0.031155955 0.041537624 0.022560632 0.02050546 0.006787933 0.011856788 0.0043400326 0.0040794695 0.0039034134 0.006682627 0.004873002 0.2254170000000002 0.4449659999999973 0.00583716704749507 0.005956337328467303 "" ""
"b'SPLUS-n10s37 '" "b'iDR3.SPLUS-n10s37.041962 '" 201.0769997123189 -11.792860936759242 4.89766 141 3.9026372 14.297218 12.0 0 0.9816643 18.398293 17.656555 16.490232 17.278517 17.245369 17.104713 16.953125 16.759354 16.318731 16.669088 16.256145 16.613241 0.027436072 0.026241204 0.016868655 0.027178083 0.025252819 0.008999631 0.016514886 0.006888824 0.0055053364 0.00730219 0.00966105 0.009996552 0.09026599999999974 0.44062299999999865 0.010038818401538899 0.00881842531181962 "" ""
b'STRIPE82-0107' b'iDR3.STRIPE82-0107.071315' 314.9006973983312 -0.1759724622394297 2.2751653 119 3.1674802 13.3243885 12.0 0 0.99809915 21.071455 20.520678 19.713335 19.881985 19.277367 18.414692 18.167229 17.070618 16.17507 15.8032055 15.063591 15.2140665 0.2001749 0.1923198 0.17554618 0.1386078 0.07984168 0.01449547 0.030261526 0.0066545 0.004908575 0.0035838513 0.0043948735 0.0034453974 1.267412499999999 0.895547999999998 0.0075581982238170815 0.008269007121814867 "" ""
"b'SPLUS-s26s23 '" "b'iDR3.SPLUS-s26s23.012583 '" 36.27404722982129 -33.884716008801554 2.1063836 196 3.0771632 12.14152 12.0 0 0.9955605 21.45057 21.003084 20.481903 19.99822 19.500263 18.302654 18.130173 17.02588 15.877386 15.449852 15.154066 14.852324 0.24542919 0.32308742 0.28273144 0.17667107 0.11347667 0.017024938 0.03047723 0.006663077 0.0041289213 0.0030550137 0.004428304 0.0027812049 1.5760280000000009 1.1484940000000012 0.007330054830294019 0.00783865972022786 "" ""
"b'SPLUS-s29s46 '" "b'iDR3.SPLUS-s29s46.072842 '" 316.47319569385303 -37.14456181858315 1.896335 129 3.1229312 12.621682 12.0 0 0.8541697 16.42494 16.430645 16.393665 16.536879 16.53376 16.472448 16.822866 17.030285 16.201042 17.552546 17.814537 17.821917 0.0068142773 0.009748232 0.013611945 0.012251621 0.011860475 0.004633833 0.01076348 0.0055436236 0.004280252 0.00793243 0.018399647 0.0136445705 -0.5222610000000003 0.8292429999999982 0.009677562106407633 0.007003736131664368 "" ""
"b'SPLUS-s33s43 '" "b'iDR3.SPLUS-s33s43.047594 '" 316.1703992574539 -42.12637634415948 2.3340657 67 3.4658473 13.733943 12.0 0 0.9833452 18.770409 18.365509 18.29443 17.83186 17.672855 17.445393 17.30117 17.072481 16.407774 16.928549 16.94693 16.908325 0.02981248 0.035932664 0.052829046 0.036406044 0.031672813 0.01032626 0.019219238 0.007948385 0.006904094 0.00882361 0.019210013 0.014754658 0.1439319999999995 0.6647069999999999 0.011875728084640748 0.010528216281453427 "" ""
"b'SPLUS-n15s15 '" "b'iDR3.SPLUS-n15s15.028829 '" 170.17058393998343 -18.798912204485912 3.0237088 98 3.6619227 13.749451 12.0 0 0.9815867 19.971216 19.73347 19.399115 18.644485 18.406885 17.818535 17.700222 17.092571 16.726536 16.83598 16.743923 16.691853 0.05519322 0.07653242 0.100830056 0.053738292 0.04396456 0.012202143 0.023067318 0.0071695275 0.007060107 0.00680412 0.012107251 0.008760028 0.25659100000000024 0.3660350000000001 0.009884238642791678 0.010062168524960474 "" ""
"b'SPLUS-n16s18 '" "b'iDR3.SPLUS-n16s18.018504 '" 175.65814831106258 -20.45605247119997 2.4548626 93 3.6849134 13.58295 12.0 0 0.9821571 18.991854 18.29596 17.925095 17.714714 17.63602 17.342842 17.315687 17.067644 16.689234 16.962961 16.614643 16.878029 0.04911541 0.039094076 0.0432997 0.033238884 0.030317562 0.01050417 0.018688912 0.0072012767 0.006841814 0.006951685 0.011419565 0.009387786 0.10468300000000141 0.37841000000000236 0.010009211280075363 0.009933217249237977 "" ""
"b'SPLUS-n15s16 '" "b'iDR3.SPLUS-n15s16.054572 '" 171.03898275409756 -18.54010963837252 2.9159875 95 3.3841815 13.513284 12.0 0 0.9836159 18.59349 18.221195 18.141472 17.742775 17.634108 17.349638 17.187578 16.921349 16.54252 16.780981 16.775238 16.743134 0.02178284 0.026850043 0.04030918 0.028411152 0.02508423 0.008566021 0.015526225 0.0060457266 0.0056746555 0.006065093 0.011105779 0.008308191 0.14036799999999872 0.37882899999999964 0.008563653614001243 0.008291714247707032 "" ""
