Star-v5/Halpha-DR3_PStotal-STAR_total-clean-unique-simbad-nonspectra.ecsv
# %ECSV 1.0
# ---
# datatype:
# - {name: Field, datatype: string}
# - {name: ID, datatype: string}
# - {name: RA, datatype: float64}
# - {name: DEC, datatype: float64}
# - {name: FWHM, datatype: float64}
# - {name: ISOarea, datatype: int64}
# - {name: KRON_RADIUS, datatype: float64}
# - {name: MU_MAX, datatype: float64}
# - {name: nDet_PStotal, datatype: float64}
# - {name: PhotoFlagDet, datatype: int64}
# - {name: CLASS_STAR, datatype: float64}
# - {name: u_PStotal, datatype: float64}
# - {name: J0378_PStotal, datatype: float64}
# - {name: J0395_PStotal, datatype: float64}
# - {name: J0410_PStotal, datatype: float64}
# - {name: J0430_PStotal, datatype: float64}
# - {name: g_PStotal, datatype: float64}
# - {name: J0515_PStotal, datatype: float64}
# - {name: r_PStotal, datatype: float64}
# - {name: J0660_PStotal, datatype: float64}
# - {name: i_PStotal, datatype: float64}
# - {name: J0861_PStotal, datatype: float64}
# - {name: z_PStotal, datatype: float64}
# - {name: e_u_PStotal, datatype: float64}
# - {name: e_J0378_PStotal, datatype: float64}
# - {name: e_J0395_PStotal, datatype: float64}
# - {name: e_J0410_PStotal, datatype: float64}
# - {name: e_J0430_PStotal, datatype: float64}
# - {name: e_g_PStotal, datatype: float64}
# - {name: e_J0515_PStotal, datatype: float64}
# - {name: e_r_PStotal, datatype: float64}
# - {name: e_J0660_PStotal, datatype: float64}
# - {name: e_i_PStotal, datatype: float64}
# - {name: e_J0861_PStotal, datatype: float64}
# - {name: e_z_PStotal, datatype: float64}
# - {name: main_id, datatype: string}
# - {name: ra_x, datatype: float64}
# - {name: dec_x, datatype: float64}
# - {name: coo_err_maj, datatype: float64}
# - {name: coo_err_min, datatype: float64}
# - {name: coo_err_angle, datatype: float64}
# - {name: nbref, datatype: int64}
# - {name: ra_sexa, datatype: string}
# - {name: dec_sexa, datatype: string}
# - {name: coo_qual, datatype: string}
# - {name: coo_bibcode, datatype: string}
# - {name: main_type, datatype: string}
# - {name: other_types, datatype: string}
# - {name: radvel, datatype: float64}
# - {name: radvel_err, datatype: float64}
# - {name: redshift, datatype: float64}
# - {name: redshift_err, datatype: float64}
# - {name: sp_type, datatype: string}
# - {name: morph_type, datatype: float64}
# - {name: plx, datatype: float64}
# - {name: plx_err, datatype: float64}
# - {name: pmra, datatype: float64}
# - {name: pmdec, datatype: float64}
# - {name: pm_err_maj, datatype: float64}
# - {name: pm_err_min, datatype: float64}
# - {name: pm_err_pa, datatype: float64}
# - {name: size_maj, datatype: float64}
# - {name: size_min, datatype: float64}
# - {name: size_angle, datatype: float64}
# - {name: B, datatype: float64}
# - {name: V, datatype: float64}
# - {name: R_x, datatype: float64}
# - {name: J, datatype: float64}
# - {name: H, datatype: float64}
# - {name: K, datatype: float64}
# - {name: u, datatype: float64}
# - {name: g, datatype: float64}
# - {name: r_xa, datatype: float64}
# - {name: i, datatype: float64}
# - {name: z, datatype: float64}
# - {name: angDist, datatype: float64}
# schema: astropy-2.0
Field ID RA DEC FWHM ISOarea KRON_RADIUS MU_MAX nDet_PStotal PhotoFlagDet CLASS_STAR u_PStotal J0378_PStotal J0395_PStotal J0410_PStotal J0430_PStotal g_PStotal J0515_PStotal r_PStotal J0660_PStotal i_PStotal J0861_PStotal z_PStotal e_u_PStotal e_J0378_PStotal e_J0395_PStotal e_J0410_PStotal e_J0430_PStotal e_g_PStotal e_J0515_PStotal e_r_PStotal e_J0660_PStotal e_i_PStotal e_J0861_PStotal e_z_PStotal main_id ra_x dec_x coo_err_maj coo_err_min coo_err_angle nbref ra_sexa dec_sexa coo_qual coo_bibcode main_type other_types radvel radvel_err redshift redshift_err sp_type morph_type plx plx_err pmra pmdec pm_err_maj pm_err_min pm_err_pa size_maj size_min size_angle B V R_x J H K u g r_xa i z angDist
[from data line 150]
SPLUS-s23s06 iDR3.SPLUS-s23s06.028769 7.969005194202078 -29.592587811984853 2.1137722 21 3.3325624 15.944248 12.0 0 0.9718785 20.832012 20.755035 20.555508 20.494265 20.428131 20.27602 20.2213 19.825203 19.182966 19.79498 19.046192 19.458866 0.10560532 0.18855157 0.38399115 0.29884169 0.24067889 0.055390798 0.12380381 0.03747721 0.026767319 0.0467138 0.054980975 0.06420449 "2QZ J003152.5-293534" 7.9690416667 -29.5927777778 1.0 1.0 90.0 2 "00 31 52.57" "-29 35 34.0" D 2004MNRAS.349.1397C Galaxy G 79678.016 "" 0.313 "" "" "" "" "" "" "" "" "" "" "" "" "" 20.36 "" "" "" "" "" "" "" "" "" "" 0.693342
SPLUS-s25s49 iDR3.SPLUS-s25s49.002609 315.6737967478414 -32.87890999401036 3.7450924 19 4.3146973 16.831253 12.0 0 0.5274736 21.412539 22.530651 21.630207 21.875221 20.746563 20.39611 19.672003 19.944405 19.5125 19.854515 19.882126 19.937372 0.18378589 0.8707635 0.5323456 0.5845731 0.20763396 0.053847626 0.07018198 0.040411588 0.036281485 0.06084493 0.147373 0.12845176 "QSO B2059-330" 315.673797033 -32.8789672217 0.0 0.0 90.0 5 "21 02 41.71129" "-32 52 44.2820" A 2020yCat.1350....0G QSO *|QSO 268755.472 "" 3.28 "" "" "" 0.2689 0.5124 0.409 -0.246 0.493 0.47 90.0 "" "" "" 19.68 19.12 "" "" "" "" "" "" "" "" "" 0.206022
SPLUS-s23s21 iDR3.SPLUS-s23s21.007728 314.5268677152485 -30.1383582004064 1.9913847 11 2.468911 15.901822 12.0 0 0.92595196 20.454922 20.243736 20.437595 20.077885 20.622326 20.156643 20.000788 19.89722 18.923594 20.384926 20.301418 20.17387 0.114043936 0.1273723 0.2464372 0.1814996 0.35032192 0.0761513 0.13707528 0.05329879 0.028884158 0.1051716 0.21061869 0.14925036 "Gaia EDR3 6794425304909258752" 314.5268215437 -30.1383095645 0.0 0.0 90.0 1 "20 58 06.43717" "-30 08 17.9144" A 2020yCat.1350....0G WD*_Candidate *|WD? "" "" "" "" "" "" 3.4168 0.4715 8.829 -14.898 0.418 0.356 90.0 "" "" "" "" "" "" "" "" "" "" "" "" "" "" 0.226538
SPLUS-n02s23 iDR3.SPLUS-n02s23.005997 180.04674072704597 -1.946823996795067 2.307691 14 4.7558174 16.152132 12.0 0 0.86537975 20.097067 20.210907 20.158638 20.449053 19.98943 20.132494 19.938118 19.883804 19.559929 19.88823 19.938435 20.098585 0.0647193 0.11335605 0.1676586 0.1998824 0.12766603 0.051722627 0.09589878 0.04200595 0.03646308 0.057878073 0.14128909 0.1296054 "[VV2006] J120011.2-015649" 180.0466816084 -1.9468833745 0.001 0.001 90.0 5 "12 00 11.20359" "-01 56 48.7801" A 2020yCat.1350....0G QSO *|QSO 207866.829 "" 1.35 "" "" "" 1.0177 0.9822 2.945 -0.027 1.275 0.586 90.0 "" "" "" "" 20.25 "" 20.096 19.69 19.553 20.967 21.005 20.435 20.492 20.315 0.301556
SPLUS-n02s21 iDR3.SPLUS-n02s21.038093 177.70537423275803 -0.8636364611502556 4.1347265 25 3.427717 16.900719 12.0 0 0.84481514 20.0334 19.895151 20.33833 20.125656 20.153408 20.018604 20.254938 19.848373 19.53241 19.9639 20.18681 20.175478 0.076157995 0.104772285 0.24656971 0.16373298 0.15785775 0.050490327 0.14202799 0.044779744 0.041309606 0.065828264 0.17952344 0.14669879 "[VV2006] J115049.2-005149" 177.7053107902 -0.8636673545 0.0 0.0 90.0 6 "11 50 49.27459" "-00 51 49.2025" A 2020yCat.1350....0G QSO *|QSO 208131.252 "" 1.354 "" "" "" 0.1497 0.4152 -2.704 -0.048 0.97 0.324 90.0 "" "" "" 20.62 "" "" "" "" "" 20.251 20.161 19.877 19.933 19.9 0.254009
SPLUS-n02n20 iDR3.SPLUS-n02n20.021184 176.6796613966468 1.1885571745316508 2.128772 22 4.6285567 16.174942 11.0 0 0.9606655 99.0 21.399132 21.311491 21.18547 20.38813 20.123257 19.016548 19.897997 19.423817 20.02348 19.999939 19.872932 22.299086 0.34071368 0.5124505 0.38124937 0.18177953 0.051038448 0.04850741 0.04508186 0.034495786 0.065930896 0.13631731 0.1037144 "SDSS J114643.11+011118.6" 176.6796158727 1.1885217211 0.0 0.0 90.0 6 "11 46 43.10781" "+01 11 18.6782" A 2020yCat.1350....0G QSO *|QSO 267916.748 29.979 3.2202 0.0001 "" "" 0.7252 0.3492 -0.117 0.058 0.431 0.282 90.0 "" "" "" "" "" "" "" "" "" 22.476 19.52 19.328 19.308 19.469 0.207695
SPLUS-n02n21 iDR3.SPLUS-n02n21.042463 177.41500197480892 1.773741489322032 3.8793347 23 3.05437 16.728878 12.0 0 0.658181 20.065659 20.018902 20.109364 19.79546 20.532269 20.018953 20.006725 19.874195 19.283796 19.549494 19.367441 19.39642 0.08925427 0.12420573 0.22011867 0.16027844 0.28374705 0.068787076 0.14226565 0.05975967 0.039081533 0.055755746 0.11990586 0.091759585 "[VV2006] J114939.6+014624" 177.4149718975 1.7736545994 0.0 0.0 90.0 20 "11 49 39.59326" "+01 46 25.1566" A 2020yCat.1350....0G QSO *|QSO 208678.481 422.707 1.36233 0.00141 "" "" 0.0342 0.38 -0.04 0.556 0.43 0.288 90.0 "" "" "" 19.89 19.61 "" 19.192 18.907 18.909 20.043 19.676 19.478 19.284 19.133 0.330997
SPLUS-n03s21 iDR3.SPLUS-n03s21.031094 178.4393258721732 -2.722344158881375 2.2823792 15 3.749136 16.176659 12.0 0 0.9767746 20.122124 20.403896 20.14457 20.331478 20.239143 20.336136 20.069958 19.893818 19.520607 19.895748 19.704412 19.812002 0.070749424 0.13831212 0.16810699 0.17043316 0.15266152 0.05905674 0.11520673 0.04044604 0.035239533 0.053731456 0.10919393 0.09162844 "[VV2006] J115345.5-024320" 178.4392879252 -2.722382326 0.0 0.0 90.0 6 "11 53 45.42910" "-02 43 20.5764" A 2020yCat.1350....0G QSO *|QSO 207667.806 "" 1.347 "" "" "" 0.199 0.5186 -0.437 0.312 0.532 0.234 90.0 "" "" "" 19.84 "" "" "" "" "" 20.075 20.035 19.632 19.604 19.43 0.193647
SPLUS-n01s22 iDR3.SPLUS-n01s22.005590 179.77187204012463 -0.5593517880549691 3.8396988 19 5.835885 17.132278 12.0 0 0.52310044 20.880173 20.270092 21.14706 20.492447 20.102818 20.427608 20.36829 19.988155 19.6072 19.996563 19.714022 19.98436 0.16012713 0.14808862 0.52703214 0.26359707 0.18881363 0.09833587 0.20126916 0.060171828 0.049487334 0.07634437 0.14989163 0.1337019 "SDSS J115905.23-003333.7" 179.7718290898 -0.5593495619 0.0 0.0 90.0 7 "11 59 05.23898" "-00 33 33.6584" A 2020yCat.1350....0G QSO *|QSO 209022.31 "" 1.3676 "" "" "" 0.0015 0.6819 -0.146 -0.084 0.676 0.294 90.0 "" "" "" "" "" "" "" 19.193 18.95 20.693 20.513 19.93 19.732 19.701 0.154821
STRIPE82-0023 iDR3.STRIPE82-0023.003302 14.953354509073169 -1.3181152771969302 2.8699145 114 4.551903 15.292384 12.0 2 0.68419224 18.351938 18.184704 18.261955 18.26931 18.254166 18.28951 18.227707 18.115194 17.775326 18.042538 17.06272 17.490244 0.020536372 0.028230483 0.044484843 0.039052483 0.035862613 0.013376699 0.0316035 0.012056664 0.011975557 0.013647676 0.014825669 0.014523494 "LBQS 0057-0135" 14.9533711116 -1.3182069588 0.0 0.0 90.0 10 "00 59 48.80907" "-01 19 05.5451" A 2020yCat.1350....0G QSO *|IR|QSO 82206.641 "" 0.325 "" "" "" 0.1336 0.2494 0.019 0.287 0.225 0.193 90.0 "" "" "" "" 17.9 "" 16.273 15.727 14.533 "" "" "" "" "" 0.335419
STRIPE82-0065 iDR3.STRIPE82-0065.043212 44.79324003091252 -0.3777292200872463 2.4234571 50 3.8499117 14.493827 12.0 2 0.98168707 18.883099 18.375328 18.544062 18.663836 18.522224 18.581547 18.584545 18.31638 17.850676 18.250109 18.066303 17.728882 0.02852797 0.028687753 0.04605219 0.042807844 0.037909605 0.015790984 0.032734655 0.01597865 0.010862131 0.016356174 0.027937483 0.018366741 "2MASSI J0259103-002239" 44.7932826861 -0.3777231248 0.0 0.0 90.0 47 "02 59 10.38784" "-00 22 39.8032" A 2020yCat.1350....0G Seyfert_1 *|G|IR|Q?|QSO|Sy1|UV|blu 89388.079 6.296 0.360029 2.1e-05 "" "" 0.0278 0.1706 0.412 -0.033 0.209 0.172 90.0 "" "" "" 18.44 18.22 "" 16.658 15.729 14.878 18.57 18.353 18.165 18.198 17.598 0.155115
SPLUS-n10s42 iDR3.SPLUS-n10s42.026376 207.63885638270955 -12.278578148358983 2.8998485 55 4.210886 15.09479 12.0 2 0.9786927 18.72175 18.586632 18.591885 18.567232 18.454376 18.568325 18.595358 18.377197 18.090017 18.36853 18.428865 18.465826 0.025264125 0.034491543 0.056404065 0.044282347 0.040698603 0.016373517 0.036843322 0.01537452 0.014669446 0.017113615 0.044288926 0.032124758 "GALEX 2699039396840082228" 207.638818546 -12.2785778848 0.0 0.0 90.0 1 "13 50 33.31645" "-12 16 42.8804" A 2020yCat.1350....0G Blue *|UV|blu "" "" "" "" "" "" "" "" 0.152 -0.318 0.202 0.186 90.0 "" "" "" 17.9 "" 18.5 "" "" "" "" "" "" "" "" 0.1331
STRIPE82-0055 iDR3.STRIPE82-0055.012470 38.39735766972906 -1.1290537121536242 3.9483833 217 7.15199 15.097365 12.0 3 0.80003107 18.493362 18.024801 18.391577 18.346973 18.414875 18.400055 18.385094 18.273407 17.913076 18.224333 18.068327 17.77385 0.023706213 0.024832457 0.044625454 0.040592283 0.03854095 0.015026319 0.03110609 0.013929611 0.013214437 0.016257906 0.028668791 0.018273223 "[VV2006] J023335.4-010744" 38.3974015302 -1.1290953543 0.0 0.0 90.0 29 "02 33 35.37637" "-01 07 44.7433" A 2020yCat.1350....0G QSO *|G|IR|QSO 90881.948 8.994 0.3675 3e-05 "" "" 0.0143 0.2754 0.621 -0.927 0.329 0.281 90.0 "" "" "" 18.3 18.17 "" 16.815 15.833 14.747 18.359 18.41 18.451 18.48 17.903 0.217705
STRIPE82-0023 iDR3.STRIPE82-0023.031284 15.625098200551925 -0.5352093094283729 2.4553092 56 3.9482763 15.542455 12.0 2 0.9540518 18.892183 18.482513 18.751598 18.8681 18.599363 18.761234 18.743187 18.52082 18.135017 18.421211 17.939018 17.928051 0.031590585 0.03680577 0.06870429 0.06095958 0.045804027 0.017934827 0.04594972 0.016019123 0.015359001 0.017733784 0.028394585 0.020198436 "2SLAQ J010230.03-003206.8" 15.6251525275 -0.5352214326 0.0 0.0 90.0 25 "01 02 30.03661" "-00 32 06.7972" A 2020yCat.1350....0G Seyfert_1 *|AGN|IR|QSO|Sy1 85859.918 20.985 0.34264 7e-05 "" "" 0.0538 0.2497 -0.45 0.433 0.308 0.27 90.0 "" "" "" 19.46 19.08 "" 16.652 15.98 15.468 18.821 18.8 18.68 18.659 18.087 0.200379
SPLUS-s23s03 iDR3.SPLUS-s23s03.020409 2.666987531261032 -29.740921877458867 2.3856702 46 3.503236 15.204586 12.0 2 0.9652362 18.829227 18.684553 18.761686 18.764002 18.693333 18.794508 18.964056 18.68246 18.355125 18.723234 18.817738 18.823292 0.025243513 0.035625193 0.05870277 0.051100425 0.048327032 0.019142149 0.045081984 0.017324045 0.015943017 0.021317555 0.04964147 0.03846006 "[VV2006] J001040.1-294428" 2.6670755571 -29.7409515608 0.0 0.0 90.0 5 "00 10 40.09813" "-29 44 27.4256" A 2020yCat.1350....0G QSO *|QSO 208591.417 "" 1.361 "" "" "" 0.2679 0.2022 0.112 -0.187 0.21 0.19 90.0 "" "" "" 19.3 "" "" "" "" "" "" "" "" "" "" 0.295173
SPLUS-s17s23 iDR3.SPLUS-s17s23.026837 315.98609213331895 -21.790860533436685 2.1439846 51 3.8884532 14.981054 12.0 3 0.9484654 18.878143 18.765984 18.811337 19.384394 19.220114 19.107203 19.169256 18.784985 18.112875 18.711143 18.392092 18.503109 0.027130509 0.03981047 0.06732982 0.09063481 0.07477275 0.026080674 0.05774081 0.019055061 0.014319437 0.02105349 0.033767268 0.027725993 "Gaia EDR3 6808104805812408064" 315.9861265984 -21.7908691501 0.0 0.0 90.0 1 "21 03 56.67038" "-21 47 27.1289" A 2020yCat.1350....0G Star * "" "" "" "" "" "" 1.0544 0.3292 -6.18 -5.931 0.316 0.277 90.0 "" "" "" "" "" "" "" "" "" "" "" "" "" "" 0.119311
SPLUS-n02s19 iDR3.SPLUS-n02s19.022704 174.7681233226218 -1.4402891840929772 2.240462 36 4.1759057 15.176327 12.0 2 0.97208196 19.144365 19.17131 19.172659 19.181347 19.28564 19.178122 19.243237 18.844408 18.53484 18.79622 18.743307 18.771145 0.038897008 0.05637799 0.08466251 0.07375773 0.0782886 0.02598635 0.057971947 0.01963493 0.01815702 0.02441418 0.04861372 0.04286439 "LBQS 1136-0109" 174.7680748172 -1.4403020439 0.0 0.0 90.0 26 "11 39 04.33796" "-01 26 25.0874" A 2020yCat.1350....0G QSO *|QSO 209531.08 422.707 1.37545 0.00141 "" "" 0.573 0.3041 -0.357 -0.175 0.268 0.196 90.0 "" "" "" 19.45 19.07 "" 18.661 18.319 18.548 19.206 19.087 18.746 18.701 18.727 0.180599
STRIPE82-0027 iDR3.STRIPE82-0027.025274 18.509796280365048 -0.7974488232759221 2.4744608 83 4.0755973 15.718138 12.0 3 0.9047616 19.055422 18.56455 18.905798 18.914486 18.752943 18.904129 18.835262 18.671936 18.361115 18.597263 18.26749 18.173767 0.025517736 0.03469838 0.065987624 0.04095007 0.051818654 0.01371103 0.031503268 0.013807892 0.011679951 0.016359102 0.030022547 0.023057126 "2SLAQ J011402.35-004750.9" 18.5098163841 -0.7974881007 0.0 0.0 90.0 33 "01 14 02.35593" "-00 47 50.9572" A 2020yCat.1350....0G Seyfert_1 *|AGN|IR|Q?|QSO|Sy1 87307.143 14.99 0.34973 5e-05 "" "" 0.1261 0.3289 0.033 0.079 0.39 0.251 90.0 "" "" "" 19.35 19.02 "" 16.866 16.123 15.354 18.854 18.818 18.797 18.757 18.154 0.158841
STRIPE82-0026 iDR3.STRIPE82-0026.041908 17.32733457723796 0.90539845012828 2.1617727 34 3.9397886 15.134596 12.0 3 0.9772883 19.332716 19.1244 19.14374 19.336285 19.286613 19.308325 19.283697 19.036911 18.718142 19.097458 19.18894 19.18994 0.041100692 0.044426486 0.06735922 0.062855914 0.06192206 0.022404568 0.049475506 0.018442 0.017949212 0.02402213 0.056635197 0.045855112 "SDSS J010918.56+005419.3" 17.3273661946 0.9053834802 0.0 0.0 90.0 17 "01 09 18.56789" "+00 54 19.3805" A 2020yCat.1350....0G QSO *|QSO 208273.199 56.061 1.356154 0.000187 "" "" 0.4845 0.3146 -0.29 -0.019 0.371 0.225 90.0 "" "" "" 19.89 19.55 "" 19.476 19.339 19.038 20.135 20.054 19.638 19.708 19.692 0.125923
STRIPE82-0137 iDR3.STRIPE82-0137.022652 336.01397097341777 -0.9567096099850134 3.0067759 65 4.257515 15.456778 12.0 2 0.9012904 19.667635 19.453205 19.52455 19.367388 19.456322 19.528378 19.50581 19.05169 18.603521 18.88674 18.035652 18.411135 0.063419014 0.06189284 0.095406465 0.07249403 0.0723284 0.028022273 0.06125107 0.021104835 0.01814287 0.023576632 0.026123023 0.028233487 "2MASS J22240340-0057241" 336.0140225255 -0.9567364245 0.0 0.0 90.0 19 "22 24 03.36541" "-00 57 24.2511" A 2020yCat.1350....0G QSO *|AGN|IR|QSO 79760.755 302.79 0.31339 0.00101 "" "" 0.4065 0.4756 -0.019 -0.05 0.382 0.388 90.0 "" "" "" 19.65 19.26 "" 17.324 16.391 15.623 19.485 19.402 19.011 19.04 18.376 0.209169
SPLUS-s24s10 iDR3.SPLUS-s24s10.023934 13.96395390310537 -30.945219315827195 2.908449 50 5.215629 15.240023 12.0 3 0.99760044 19.78284 19.4701 19.625229 19.102983 18.638674 19.093296 19.153465 19.015476 18.698458 18.926792 18.751484 18.681353 0.05228792 0.06445731 0.11712762 0.067218654 0.046359614 0.022832664 0.05042823 0.0210453 0.018672349 0.02637841 0.051345624 0.038528703 "[CT83] 219" 13.9639583333 -30.9451666667 "" "" 172.0 1 "00 55 51.35" "-30 56 42.6" D "" UV UV "" "" "" "" "" "" "" "" "" "" "" "" "" "" "" "" 19.5 "" "" "" "" "" "" "" "" "" "" 0.19003
SPLUS-s19s33 iDR3.SPLUS-s19s33.032618 332.3293752575985 -24.12012102380704 3.0040174 73 4.7788143 15.576845 12.0 2 0.8937495 20.1959 19.701807 20.063095 19.83827 19.837238 19.747543 19.51747 19.010128 18.595688 18.674568 17.60303 18.009804 0.07033275 0.086519405 0.1966641 0.1417291 0.13957475 0.04397735 0.080352284 0.02410415 0.01994664 0.023518467 0.019421244 0.023453059 "2dFGRS TGS061Z180" 332.3294480741 -24.1201273672 0.0 0.0 90.0 3 "22 09 19.06754" "-24 07 12.4585" A 2020yCat.1350....0G QSO *|AGN|EmG|G|IR|QSO 81157.352 "" 0.32 "" "" "" "" "" -0.293 -0.209 0.375 0.336 90.0 "" "" "" 19.204 "" 19.067 16.441 15.825 15.267 "" "" "" "" "" 0.24034
STRIPE82-0104 iDR3.STRIPE82-0104.019279 312.2956269426095 0.265970422493022 2.9393086 34 3.488693 15.151364 12.0 2 0.9614095 19.502487 19.061068 19.341244 19.278011 19.250103 19.313698 19.226181 19.150463 18.682114 19.136436 19.006105 18.506887 0.043279137 0.0632835 0.09152779 0.074472755 0.069321156 0.024908748 0.052201852 0.024452522 0.021263767 0.03420152 0.07348709 0.04013572 "2SLAQ J204910.96+001557.2" 312.2956706413 0.2659027575 0.0 0.0 90.0 23 "20 49 10.96095" "+00 15 57.2499" A 2020yCat.1350....0G Seyfert_1 *|AGN|QSO|Sy1 89909.651 8.994 0.36263 3e-05 "" "" 0.4883 0.4052 -0.269 0.048 0.288 0.217 90.0 "" "" "" 19.25 19.06 "" "" "" "" 19.123 18.96 18.918 18.913 18.402 0.289975
