Star-v5/Halpha-DR3_PStotal-STAR_total-clean-Final-hdbscan-group1.ecsv
# %ECSV 1.0
# ---
# datatype:
# - {name: Field, datatype: string}
# - {name: ID, datatype: string}
# - {name: RA, datatype: float64}
# - {name: DEC, datatype: float64}
# - {name: FWHM, datatype: float32}
# - {name: ISOarea, datatype: int32}
# - {name: KRON_RADIUS, datatype: float32}
# - {name: MU_MAX, datatype: float32}
# - {name: nDet_PStotal, datatype: float32}
# - {name: PhotoFlagDet, datatype: int16}
# - {name: CLASS_STAR, datatype: float32}
# - {name: u_PStotal, datatype: float32}
# - {name: J0378_PStotal, datatype: float32}
# - {name: J0395_PStotal, datatype: float32}
# - {name: J0410_PStotal, datatype: float32}
# - {name: J0430_PStotal, datatype: float32}
# - {name: g_PStotal, datatype: float32}
# - {name: J0515_PStotal, datatype: float32}
# - {name: r_PStotal, datatype: float32}
# - {name: J0660_PStotal, datatype: float32}
# - {name: i_PStotal, datatype: float32}
# - {name: J0861_PStotal, datatype: float32}
# - {name: z_PStotal, datatype: float32}
# - {name: e_u_PStotal, datatype: float32}
# - {name: e_J0378_PStotal, datatype: float32}
# - {name: e_J0395_PStotal, datatype: float32}
# - {name: e_J0410_PStotal, datatype: float32}
# - {name: e_J0430_PStotal, datatype: float32}
# - {name: e_g_PStotal, datatype: float32}
# - {name: e_J0515_PStotal, datatype: float32}
# - {name: e_r_PStotal, datatype: float32}
# - {name: e_J0660_PStotal, datatype: float32}
# - {name: e_i_PStotal, datatype: float32}
# - {name: e_J0861_PStotal, datatype: float32}
# - {name: e_z_PStotal, datatype: float32}
# - {name: Label, datatype: int64}
# - {name: P(Blue), datatype: float64}
# - {name: P(Red), datatype: float64}
# meta: !!omap
# - {TCOMM1: description}
# - {TCOMM2: description}
# - {TCOMM3: description}
# - {TCOMM4: description}
# - {TCOMM5: description}
# - {TCOMM6: description}
# - {TCOMM7: description}
# - {TCOMM8: description}
# - {TCOMM9: description}
# - {TCOMM10: description}
# - {TCOMM11: description}
# - {TCOMM12: description}
# - {TCOMM13: description}
# - {TCOMM14: description}
# - {TCOMM15: description}
# - {TCOMM16: description}
# - {TCOMM17: description}
# - {TCOMM18: description}
# - {TCOMM19: description}
# - {TCOMM20: description}
# - {TCOMM21: description}
# - {TCOMM22: description}
# - {TCOMM23: description}
# - {TCOMM24: description}
# - {TCOMM25: description}
# - {TCOMM26: description}
# - {TCOMM27: description}
# - {TCOMM28: description}
# - {TCOMM29: description}
# - {TCOMM30: description}
# - {TCOMM31: description}
# - {TCOMM32: description}
# - {TCOMM33: description}
# - {TCOMM34: description}
# - {TCOMM35: description}
# - {DATE-HDU: '2022-08-03T03:18:20'}
# - {STILVERS: 3.3-2}
# - {STILCLAS: uk.ac.starlink.fits.FitsTableWriter}
# schema: astropy-2.0
Field ID RA DEC FWHM ISOarea KRON_RADIUS MU_MAX nDet_PStotal PhotoFlagDet CLASS_STAR u_PStotal J0378_PStotal J0395_PStotal J0410_PStotal J0430_PStotal g_PStotal J0515_PStotal r_PStotal J0660_PStotal i_PStotal J0861_PStotal z_PStotal e_u_PStotal e_J0378_PStotal e_J0395_PStotal e_J0410_PStotal e_J0430_PStotal e_g_PStotal e_J0515_PStotal e_r_PStotal e_J0660_PStotal e_i_PStotal e_J0861_PStotal e_z_PStotal Label P(Blue) P(Red)
[from data line 494]
SPLUS-n07s38 iDR3.SPLUS-n07s38.035928 201.46063700505832 -7.843817532219443 2.9492757 33 3.358631 15.840826 12.0 0 0.9672298 19.468908 19.320095 19.372982 19.380981 19.158836 19.343445 19.403587 19.105045 18.842953 19.15789 19.193583 19.411947 0.037934534 0.05613017 0.093980804 0.08144436 0.06838763 0.030779084 0.06378532 0.025457604 0.023715181 0.035082698 0.07404086 0.07462975 1 0.29879753602096076 0.052829389359290053
SPLUS-n08s42 iDR3.SPLUS-n08s42.009257 207.16670601170892 -9.986652574888284 2.011092 25 3.741992 15.039548 12.0 0 0.972267 19.670738 19.55736 19.469269 19.605366 19.607937 19.446213 19.474468 19.00981 18.652096 18.759438 18.705812 18.787958 0.0489948 0.067409456 0.09777293 0.09632228 0.09223835 0.03113443 0.06699993 0.02268617 0.020052172 0.023953093 0.053815205 0.04491069 1 1.0 4.426737035914846e-309
SPLUS-n12s40 iDR3.SPLUS-n12s40.008523 205.90212433446217 -15.3740463904692 2.1916864 34 4.5267744 15.0237875 12.0 0 0.9074904 19.868246 19.440905 19.724367 19.556715 19.463951 19.429764 19.224407 18.992298 18.544937 18.733953 18.019527 18.226027 0.09416468 0.09156635 0.17449039 0.15109818 0.13191724 0.055025257 0.08693573 0.032592032 0.02666844 0.028012618 0.03470527 0.029643167 1 0.24382211815835622 0.17158617132338902
SPLUS-n12s42 iDR3.SPLUS-n12s42.012036 209.3966060889167 -15.253306722465586 2.504783 31 4.610595 15.285809 12.0 0 0.9690478 19.346798 19.372845 19.517231 19.315376 19.009628 19.102886 19.057991 18.92885 18.608261 19.049686 17.960447 18.41094 0.057288013 0.08398304 0.13551275 0.11834945 0.08637624 0.03991973 0.07565798 0.030950703 0.027621629 0.0359157 0.030038122 0.03400152 1 0.4484265199224182 0.15028108705423615
SPLUS-n10s41 iDR3.SPLUS-n10s41.024134 206.9175060414222 -12.272044513382417 2.0884242 23 3.6403584 15.357984 12.0 0 0.9672692 19.73209 19.554852 19.64716 19.61577 19.454939 19.462292 19.54912 19.094744 18.68442 19.082483 18.922522 19.083813 0.054373827 0.0745062 0.122217886 0.10779739 0.09322817 0.034831587 0.07998537 0.025345305 0.021586223 0.034171477 0.076207586 0.06399393 1 1.0 3.70655175312717e-309
SPLUS-n02n44 iDR3.SPLUS-n02n44.015853 209.3138635088871 1.1203699583549236 2.5428061 26 4.3015094 15.294729 12.0 0 0.97647166 20.473541 20.277592 19.59843 19.863678 19.63976 19.4052 19.23243 18.928144 18.426691 18.723663 18.82854 18.622627 0.12198951 0.16395953 0.1428277 0.166229 0.13065472 0.041404016 0.0740695 0.02714883 0.01958936 0.029724648 0.06521006 0.049063377 1 0.9483309632064784 0.05166903679352164
HYDRA-0096 iDR3.HYDRA-0096.056865 153.71868352140118 -36.0511404237359 2.6438224 26 4.8958416 16.289675 12.0 0 0.9487324 21.100925 20.794752 19.955282 19.771858 19.498665 19.692394 19.339283 18.963814 18.526085 18.708042 18.675686 18.647621 0.4122647 0.3712555 0.26791707 0.21092719 0.1451441 0.07629358 0.10141387 0.033133194 0.023801254 0.029388161 0.05027128 0.04315174 1 0.4075349546127338 0.20360140448761074
HYDRA-0147 iDR3.HYDRA-0147.116670 155.64152178552226 -44.21159530720073 2.2752163 20 2.805474 15.584818 12.0 0 0.96877664 19.704891 19.605614 19.558624 19.656792 19.559479 19.485617 19.55877 19.089119 18.715609 19.099186 19.344755 19.220373 0.073232435 0.082565136 0.12166642 0.11343222 0.099894546 0.034537036 0.07873228 0.02385602 0.022136401 0.03235443 0.087264314 0.065299295 1 0.6404541357670539 0.055054994458900705
HYDRA-0147 iDR3.HYDRA-0147.120466 155.9396412872598 -44.174547149193 2.0682385 24 4.0614824 15.1393 12.0 0 0.96843207 22.032158 22.729359 21.31268 21.214256 20.66216 19.890734 19.683537 19.003819 18.369104 18.700039 18.54194 18.53461 0.51496017 1.1770717 0.52786535 0.42161095 0.24753089 0.046415385 0.08621346 0.022189828 0.01732575 0.023347128 0.044022106 0.03582665 1 0.20566501993649347 0.33761719091025955
HYDRA-D-0003 iDR3.HYDRA-D-0003.017074 158.42359612267933 -36.5327733901958 2.1577706 40 3.7079504 15.957469 12.0 0 0.9829262 21.338493 21.032036 20.943548 20.425991 20.518906 19.761467 19.605398 19.07042 18.702085 18.811138 18.696085 18.67563 0.12326778 0.15480344 0.24074277 0.13523692 0.1283125 0.02107822 0.047931653 0.012884025 0.011593537 0.01387491 0.026577251 0.02251109 1 0.6874383726870045 0.3125616273129955
HYDRA-0136 iDR3.HYDRA-0136.037441 163.91565706963956 -41.9836246075842 2.4879577 24 4.255448 16.155313 12.0 0 0.95366764 21.185947 22.633331 20.111034 20.444891 19.631773 19.572773 19.43584 19.071732 18.516441 18.881927 18.897015 18.788136 0.43465683 2.3510656 0.35512424 0.40980437 0.17129183 0.06510828 0.11670535 0.034474045 0.025552895 0.0298486 0.06341837 0.043398887 1 0.9553817852409928 0.044618214759007145
HYDRA-0129 iDR3.HYDRA-0129.088742 150.13833442034127 -41.55548679860349 2.2937925 19 4.624009 15.955975 12.0 0 0.9693187 20.510347 21.138992 20.178246 19.7304 20.274437 19.694935 19.328629 19.054043 18.504593 18.747253 18.615776 18.607147 0.20461649 0.4975844 0.31886214 0.18938977 0.2751859 0.06361567 0.09685755 0.031346582 0.023752354 0.027757317 0.04795096 0.039809715 1 0.7095609716332933 0.2904390283667067
HYDRA-0141 iDR3.HYDRA-0141.087919 157.42996183452945 -42.89946679205203 3.3323457 38 3.7946005 15.864223 12.0 0 0.97406656 21.535297 21.320087 20.422598 20.440922 20.267456 19.703857 19.57701 19.06031 18.550482 18.768963 18.605839 18.625599 0.28297737 0.35198078 0.26016435 0.2245492 0.19173741 0.040982135 0.07627495 0.022368569 0.01947828 0.023537941 0.04703143 0.036398962 1 0.7181967009320702 0.2818032990679297
HYDRA-0160 iDR3.HYDRA-0160.010812 150.3299410426943 -47.91493822338443 2.6896722 27 4.508509 15.538236 12.0 0 0.85694903 20.716959 20.623386 20.464127 20.710045 20.149195 19.737707 19.503876 19.105505 18.585714 18.734396 18.649332 18.594421 0.20641984 0.2649309 0.34248236 0.39340326 0.24396724 0.073347315 0.11980352 0.035498213 0.025517194 0.028749412 0.049370315 0.044091336 1 0.5021592621077954 0.2530119022559028
HYDRA-0103 iDR3.HYDRA-0103.019955 149.91112361975135 -38.145328209577556 2.7039409 26 4.231422 16.412298 11.0 0 0.9741907 99.0 21.744251 22.50948 21.380156 20.380676 20.08521 20.508112 19.071901 18.277166 18.640873 18.433235 18.455532 21.65213 0.69484055 2.5261722 0.6920054 0.25815338 0.063159175 0.23780328 0.025279822 0.0171794 0.025343938 0.045624226 0.039960735 1 0.05709926905973477 0.4465869177196477
HYDRA-0146 iDR3.HYDRA-0146.002437 152.64674340021986 -45.24735967595016 4.4376645 27 3.13712 15.771913 12.0 0 0.7675379 21.569838 20.807312 22.32358 20.971039 20.290295 19.756231 19.476795 19.039509 18.240244 18.738907 18.401339 18.399323 0.38138768 0.3160641 1.8521799 0.48188135 0.2677987 0.07902131 0.105478846 0.03427086 0.01669708 0.035415128 0.04062785 0.03945758 1 0.15814471152723478 0.19763493147162675
HYDRA-0102 iDR3.HYDRA-0102.035519 162.56231800876816 -36.39909377683843 2.120521 18 3.7460244 15.745686 11.0 0 0.96817 21.505741 22.19137 99.0 20.64435 20.120853 19.875801 19.924736 18.931227 17.68476 18.607746 18.532707 18.452042 0.47333333 1.5038267 20.58961 0.4826873 0.28055334 0.08579154 0.19879243 0.033210985 0.015150087 0.028672392 0.054589953 0.037381675 1 0.1362050414217809 0.31323608252673313
HYDRA-0161 iDR3.HYDRA-0161.112880 151.56709991080137 -47.21346989896277 4.8527236 50 5.0445967 15.496178 12.0 0 0.8085544 21.401264 20.539675 20.177254 20.156517 19.977276 19.623775 19.424728 18.978148 18.305237 18.693613 18.561031 18.562923 0.24519746 0.17444026 0.19835266 0.16871412 0.14051118 0.038987946 0.07222045 0.024529072 0.0183435 0.025046596 0.045218635 0.03828772 1 0.7281507907616186 0.2718492092383816
HYDRA-0152 iDR3.HYDRA-0152.144251 150.46535493985334 -45.611817583607646 3.1472073 40 4.2317114 15.176402 12.0 0 0.97590274 21.41117 21.155418 21.489971 20.239334 20.100111 19.54514 19.41179 18.932766 18.206066 18.619202 18.559875 18.481466 0.24413905 0.291338 0.6147787 0.17094845 0.1463736 0.033326216 0.06617835 0.0210829 0.015595043 0.020927314 0.04471432 0.030732298 1 0.7365324204785707 0.26346757952142935
HYDRA-0139 iDR3.HYDRA-0139.025029 154.0802513664207 -43.62757684341736 3.3972776 36 3.330531 16.060955 12.0 0 0.9599995 20.879986 20.930061 20.488308 19.975008 19.668547 19.564922 19.304605 18.986748 18.490334 18.794006 18.718586 18.681898 0.15506178 0.2472556 0.23930281 0.13478981 0.11119196 0.04051671 0.07182648 0.025082113 0.02146174 0.027313026 0.056551363 0.044341773 1 0.8669789072297356 0.13302109277026444
HYDRA-0149 iDR3.HYDRA-0149.080274 159.3419388329445 -44.38275059954052 3.0640042 38 3.862057 15.534174 12.0 0 0.7190645 21.968193 26.468458 23.778252 22.334713 20.606487 20.043438 20.090683 18.969114 18.212423 18.528881 18.444324 18.317266 0.5216955 37.64509 4.954093 1.1221446 0.2285082 0.06667658 0.13342908 0.024277344 0.019343149 0.02202566 0.04737036 0.03557743 1 0.03005016639853815 0.4468001407140855
HYDRA-0156 iDR3.HYDRA-0156.026581 159.04447846192502 -46.362129235295 2.9470427 32 4.21531 15.190748 12.0 0 0.90104717 21.866484 19.926569 20.856209 20.107504 19.578848 19.662632 19.263353 18.945004 18.14735 18.573906 18.512604 18.500774 1.0055026 0.22443447 0.6931823 0.3670752 0.20447029 0.08499856 0.115042426 0.03516541 0.020426324 0.027045919 0.047875013 0.038562767 1 0.5838209878241186 0.3329191988215614
HYDRA-0153 iDR3.HYDRA-0153.109988 152.1270938031019 -45.71265105255089 2.6801755 26 4.3090343 15.655608 12.0 0 0.9512113 21.049408 20.55815 20.786999 20.317623 20.122408 19.572575 19.57121 19.080986 18.529789 18.839993 18.77235 18.76844 0.20038626 0.185996 0.35925308 0.2322909 0.18263252 0.053701155 0.10313975 0.029530076 0.022701109 0.033348013 0.065016486 0.058312006 1 0.9374396792532859 0.0625603207467142
SPLUS-s30s37 iDR3.SPLUS-s30s37.026498 61.46492094767717 -38.9155136723638 2.3784664 28 3.3454573 15.596518 12.0 0 0.9725523 19.535261 19.48025 19.641815 19.71517 19.590124 19.60254 19.609793 19.321203 18.924147 19.302788 19.29113 19.313923 0.042072613 0.06563055 0.12440199 0.11372536 0.10347086 0.03392968 0.079417124 0.024870545 0.02182598 0.029596474 0.06282995 0.054394834 1 1.0 3.4424258723056e-309
SPLUS-s24s41 iDR3.SPLUS-s24s41.027797 63.499155148740286 -30.784120188923065 3.6075974 38 4.255309 16.161118 12.0 0 0.9685222 19.451645 19.38163 19.460651 19.617496 19.675173 19.507122 19.58797 19.235168 18.893757 19.165758 19.320923 19.296076 0.03774426 0.05758527 0.091231965 0.08614052 0.08987276 0.028255183 0.067146555 0.024334125 0.022477692 0.031393383 0.07383452 0.068495765 1 0.9951077434844784 0.004892256515521618
SPLUS-s27s44 iDR3.SPLUS-s27s44.012086 70.5882209810889 -35.186593610525755 2.6221845 23 4.9159703 15.726746 12.0 0 0.87070143 20.081573 20.006622 19.90613 19.909405 19.961828 19.67461 19.483215 19.25604 18.903517 19.45226 19.48657 19.093887 0.075212784 0.15117799 0.22658105 0.2205934 0.22881593 0.069922924 0.11606075 0.03785915 0.032411642 0.047834452 0.09969334 0.052058842 1 0.9898079829325191 0.010192017067480822
SPLUS-s27s44 iDR3.SPLUS-s27s44.028227 70.48375763220737 -34.64742857901485 2.934323 22 4.548904 15.45754 12.0 0 0.95930576 19.753786 19.739296 19.978731 19.894455 19.326982 19.594864 19.630337 19.168507 18.856403 19.224972 19.178074 19.31234 0.060365338 0.124550276 0.25085527 0.22229658 0.13374436 0.066587605 0.1346522 0.035525333 0.03148308 0.03985601 0.076802656 0.06351633 1 0.42984468399017167 0.05003779858696752
SPLUS-s28s35 iDR3.SPLUS-s28s35.022024 56.0794719465683 -36.24773651525552 2.9732687 33 4.141716 15.820749 12.0 0 0.9672757 21.682997 20.802195 20.430096 20.149605 19.761974 19.351278 18.657871 19.120186 18.589897 19.0476 18.98491 18.934357 0.29201528 0.22480823 0.32844165 0.17486781 0.122750916 0.031472664 0.06375129 0.023939675 0.0301787 0.03932243 0.06207466 0.06840326 1 0.6647044644699314 0.06069925540038179
SPLUS-s28s43 iDR3.SPLUS-s28s43.014505 70.61442897899464 -36.45110327269073 4.1414065 41 4.445522 16.396877 12.0 0 0.956646 22.222155 21.160748 21.776756 21.462524 20.5803 19.949934 20.082659 19.126226 18.71009 18.803371 18.779175 18.595787 0.50926834 0.31361213 0.94740313 0.6274841 0.29502857 0.05496129 0.14194506 0.026595568 0.02178432 0.025052195 0.06400024 0.037780233 1 0.36372842304619474 0.4643686982981213
SPLUS-s27s42 iDR3.SPLUS-s27s42.019834 68.17071948060519 -35.15823830829838 1.8471112 20 3.282004 15.242647 12.0 0 0.9822162 19.493181 19.47248 19.267899 19.458635 19.48822 19.48411 19.444284 19.18182 18.814007 19.224321 19.339996 19.220875 0.0387258 0.061763324 0.087822564 0.09663696 0.09773139 0.035290066 0.072468325 0.024788784 0.022371044 0.032900784 0.08173139 0.059173398 1 1.0 3.410823990439833e-309
SPLUS-n20s35 iDR3.SPLUS-n20s35.088403 215.9134264875471 -25.101207946021933 1.8270783 18 3.4731588 15.204331 12.0 0 0.99979854 19.73681 19.604298 19.56514 19.806602 19.785236 19.661276 19.685623 19.188042 18.805313 19.091108 19.037342 18.951666 0.044553913 0.063345164 0.1014372 0.10443075 0.100067206 0.03232498 0.07249574 0.023015814 0.019960133 0.02920087 0.059346404 0.047765464 1 1.0 4.66678769632787e-309
SPLUS-s17s30 iDR3.SPLUS-s17s30.041014 326.8688312470322 -21.3637492860274 3.14581 26 4.0530186 15.977768 12.0 0 0.78694886 20.211493 20.050152 19.748095 19.911339 19.777065 19.820381 19.621346 19.322735 18.7607 19.557728 18.42765 18.95845 0.07307033 0.08975299 0.11469269 0.10473707 0.09261472 0.035893194 0.068081975 0.028678201 0.021360742 0.047017142 0.041695528 0.05211104 1 0.7138270495196478 0.09227527850008468
SPLUS-s38s47 iDR3.SPLUS-s38s47.023596 333.02456481424275 -49.45491084638184 5.219263 53 4.211625 16.613916 12.0 0 0.92970645 19.745842 19.404903 19.710783 19.592566 19.70887 19.451448 19.351564 19.16092 18.85356 19.103474 18.999115 18.845097 0.053931832 0.059923295 0.119414605 0.09347383 0.10406085 0.031308264 0.06546667 0.027683487 0.03060757 0.031731803 0.053877547 0.04147912 1 0.4513042922728331 0.06598101397410594
STRIPE82-0007 iDR3.STRIPE82-0007.021121 4.380258459418438 -0.8164386494043362 2.3300579 24 3.620872 16.208921 12.0 0 0.97350734 19.253767 19.25041 19.36043 19.461105 19.419315 19.38897 19.403034 19.164328 18.814966 19.219685 19.228626 19.311802 0.040237304 0.06422128 0.10463308 0.08642593 0.08018485 0.027615827 0.06813868 0.02484452 0.022523612 0.030677035 0.07564771 0.05950369 1 0.6249155127701731 0.04187628503701556
STRIPE82-0086 iDR3.STRIPE82-0086.013095 58.910210785695284 0.4763724886809515 3.1702693 38 4.5624247 16.682371 12.0 0 0.94939613 20.383888 20.291386 20.234682 20.316078 20.205688 19.865452 19.739738 19.16459 18.74711 18.857306 18.766861 18.770584 0.1272843 0.15869641 0.27124682 0.19128688 0.16124666 0.043561276 0.082051225 0.029578224 0.02062816 0.0325169 0.043727364 0.047558296 1 0.682078631438277 0.3179213685617229
STRIPE82-0106 iDR3.STRIPE82-0106.039365 313.57131299195976 0.7471808519422622 3.0199718 22 3.2774324 15.575006 12.0 0 0.93470585 22.4825 21.56821 21.486094 21.947403 21.736973 20.316103 20.547575 19.31907 18.381668 18.891674 18.691334 18.559288 1.2590321 0.74412274 0.9873259 1.3554897 1.0631733 0.11940564 0.27787313 0.03916703 0.0218081 0.032519873 0.0544493 0.040485177 1 0.03817792624292184 0.47243195462244153
STRIPE82-0055 iDR3.STRIPE82-0055.005329 38.12763748929023 -1.2817952492366265 3.4003346 33 4.6463175 15.842855 12.0 0 0.96918267 19.887543 19.564613 19.705126 19.594664 19.540512 19.541956 19.560081 19.182898 18.871286 19.16492 19.278517 19.206715 0.06207718 0.06913846 0.11503794 0.10199794 0.087906614 0.032553162 0.072940126 0.02593746 0.024752628 0.033578355 0.077177994 0.060525052 1 1.0 3.60101872350301e-309
STRIPE82-0013 iDR3.STRIPE82-0013.036763 9.10579672267925 -0.4853030603908992 2.4646966 49 4.882781 16.167562 12.0 0 0.50736684 21.333723 20.76739 20.329302 21.218565 20.966417 20.249687 20.23172 19.272081 18.786343 18.82489 18.27678 18.443348 0.20668565 0.20105161 0.2148541 0.38379693 0.2820687 0.049135935 0.14996754 0.025731655 0.022533052 0.023502737 0.037581928 0.030621398 1 0.045005421060575 0.38077267104697327
