Star-v5/Halpha-DR3_PStotal-STAR_total-clean-Final-hdbscan-group0.ecsv
# %ECSV 1.0
# ---
# datatype:
# - {name: Field, datatype: string}
# - {name: ID, datatype: string}
# - {name: RA, datatype: float64}
# - {name: DEC, datatype: float64}
# - {name: FWHM, datatype: float32}
# - {name: ISOarea, datatype: int32}
# - {name: KRON_RADIUS, datatype: float32}
# - {name: MU_MAX, datatype: float32}
# - {name: nDet_PStotal, datatype: float32}
# - {name: PhotoFlagDet, datatype: int16}
# - {name: CLASS_STAR, datatype: float32}
# - {name: u_PStotal, datatype: float32}
# - {name: J0378_PStotal, datatype: float32}
# - {name: J0395_PStotal, datatype: float32}
# - {name: J0410_PStotal, datatype: float32}
# - {name: J0430_PStotal, datatype: float32}
# - {name: g_PStotal, datatype: float32}
# - {name: J0515_PStotal, datatype: float32}
# - {name: r_PStotal, datatype: float32}
# - {name: J0660_PStotal, datatype: float32}
# - {name: i_PStotal, datatype: float32}
# - {name: J0861_PStotal, datatype: float32}
# - {name: z_PStotal, datatype: float32}
# - {name: e_u_PStotal, datatype: float32}
# - {name: e_J0378_PStotal, datatype: float32}
# - {name: e_J0395_PStotal, datatype: float32}
# - {name: e_J0410_PStotal, datatype: float32}
# - {name: e_J0430_PStotal, datatype: float32}
# - {name: e_g_PStotal, datatype: float32}
# - {name: e_J0515_PStotal, datatype: float32}
# - {name: e_r_PStotal, datatype: float32}
# - {name: e_J0660_PStotal, datatype: float32}
# - {name: e_i_PStotal, datatype: float32}
# - {name: e_J0861_PStotal, datatype: float32}
# - {name: e_z_PStotal, datatype: float32}
# - {name: Label, datatype: int64}
# - {name: P(Blue), datatype: float64}
# - {name: P(Red), datatype: float64}
# meta: !!omap
# - {TCOMM1: description}
# - {TCOMM2: description}
# - {TCOMM3: description}
# - {TCOMM4: description}
# - {TCOMM5: description}
# - {TCOMM6: description}
# - {TCOMM7: description}
# - {TCOMM8: description}
# - {TCOMM9: description}
# - {TCOMM10: description}
# - {TCOMM11: description}
# - {TCOMM12: description}
# - {TCOMM13: description}
# - {TCOMM14: description}
# - {TCOMM15: description}
# - {TCOMM16: description}
# - {TCOMM17: description}
# - {TCOMM18: description}
# - {TCOMM19: description}
# - {TCOMM20: description}
# - {TCOMM21: description}
# - {TCOMM22: description}
# - {TCOMM23: description}
# - {TCOMM24: description}
# - {TCOMM25: description}
# - {TCOMM26: description}
# - {TCOMM27: description}
# - {TCOMM28: description}
# - {TCOMM29: description}
# - {TCOMM30: description}
# - {TCOMM31: description}
# - {TCOMM32: description}
# - {TCOMM33: description}
# - {TCOMM34: description}
# - {TCOMM35: description}
# - {DATE-HDU: '2022-08-03T03:18:20'}
# - {STILVERS: 3.3-2}
# - {STILCLAS: uk.ac.starlink.fits.FitsTableWriter}
# schema: astropy-2.0
Field ID RA DEC FWHM ISOarea KRON_RADIUS MU_MAX nDet_PStotal PhotoFlagDet CLASS_STAR u_PStotal J0378_PStotal J0395_PStotal J0410_PStotal J0430_PStotal g_PStotal J0515_PStotal r_PStotal J0660_PStotal i_PStotal J0861_PStotal z_PStotal e_u_PStotal e_J0378_PStotal e_J0395_PStotal e_J0410_PStotal e_J0430_PStotal e_g_PStotal e_J0515_PStotal e_r_PStotal e_J0660_PStotal e_i_PStotal e_J0861_PStotal e_z_PStotal Label P(Blue) P(Red)
SPLUS-n14s03 iDR3.SPLUS-n14s03.023094 152.8181274669201 -17.691006662063717 2.1624088 525 2.5470395 10.630968 12.0 0 0.98556316 16.675 16.575087 16.565655 16.527618 16.304626 15.712595 15.602545 14.579465 14.0418 14.135739 13.788973 13.767706 0.008367871 0.010959222 0.016197262 0.013490986 0.01168062 0.0036377683 0.006542854 0.0019118824 0.0017056591 0.0015655286 0.0022590514 0.0016148265 0 4.939456425266756e-309 1.0
SPLUS-s25s52 iDR3.SPLUS-s25s52.041030 320.7554266658111 -32.02042962762258 1.8623983 66 3.2483025 12.949314 12.0 0 0.99660057 21.997566 21.220942 22.51209 20.25373 19.738653 18.663048 18.587908 17.303833 16.67148 16.655005 16.385252 16.329754 0.38789597 0.2606464 1.2190351 0.15082288 0.09250833 0.016457591 0.032193057 0.007216765 0.0061788806 0.0057133967 0.009748355 0.006971622 0 0.09075885967238582 0.7211154861414015
SPLUS-n03s25 iDR3.SPLUS-n03s25.042152 182.9464319629031 -2.3945391942684617 2.1992068 83 3.37747 13.312064 12.0 0 0.98070264 21.107061 20.759327 20.291126 19.66214 19.454117 18.452717 18.420649 17.367249 16.919588 16.829502 16.63855 16.59267 0.16032937 0.18198873 0.18205643 0.096148625 0.07689106 0.015729265 0.030706147 0.007715126 0.006854295 0.0064087203 0.010706742 0.0079995515 0 5.312305479971476e-309 1.0
SPLUS-s21s32 iDR3.SPLUS-s21s32.037660 332.33501896121146 -26.72601582038612 2.8425035 85 3.6656415 14.297641 12.0 0 0.9828157 21.962292 21.992132 21.41338 20.374226 19.923748 18.969948 18.88966 17.760586 17.16763 17.1152 16.870903 16.809027 0.3233318 0.55105305 0.5448784 0.20515558 0.14011268 0.024430024 0.04921521 0.012330815 0.010565445 0.0076818233 0.01187696 0.008627147 0 0.008832348104025707 0.9481251669586254
SPLUS-n02s21 iDR3.SPLUS-n02s21.049594 178.29380263385738 -0.771060586248677 2.827692 74 3.9653563 14.506923 12.0 0 0.9824379 21.261879 21.799244 21.158434 20.153614 19.982569 19.073917 19.054516 17.930763 16.981537 17.44491 17.2575 17.193478 0.20936356 0.52712256 0.50015634 0.16681159 0.13642967 0.025286673 0.05488253 0.011474484 0.007923023 0.009588364 0.0163555 0.012129414 0 5.11198120083117e-309 1.0
STRIPE82-0105 iDR3.STRIPE82-0105.070930 313.5563698434336 -0.24201815872510682 2.607983 53 3.7084408 15.135932 11.0 0 0.9820539 99.0 21.286255 21.677422 20.978205 20.203423 19.392305 19.437498 18.183361 17.517593 17.556505 17.246666 17.238026 22.152048 0.3328664 0.770567 0.31722915 0.15550466 0.027007073 0.074695714 0.012060747 0.010236339 0.0095929215 0.022338573 0.0115501955 0 0.006826825025424868 0.9265818304388056
SPLUS-n15s31 iDR3.SPLUS-n15s31.018087 192.77672014385718 -19.161583014906782 2.1713104 74 3.6703959 13.855267 12.0 0 0.98099875 22.575766 22.564892 21.774797 20.741076 20.872211 19.359362 19.244991 18.007679 16.635883 17.166567 16.842394 16.726444 0.7396014 1.2298214 0.9374288 0.30874097 0.33452785 0.032154858 0.079346746 0.0118430825 0.006362972 0.007956225 0.014460702 0.008720494 0 0.15930930846565772 0.6396204263566737
SPLUS-s19s34 iDR3.SPLUS-s19s34.028954 333.11669108174385 -24.150345853892347 2.554669 55 3.6591363 14.263112 12.0 0 0.98030066 22.072063 22.44336 23.34233 20.611004 20.727074 19.454782 19.349237 18.18352 17.55443 17.264542 16.98254 16.868553 0.4051381 1.0123167 3.7800493 0.25184563 0.27278617 0.031512324 0.0639708 0.012709683 0.010458753 0.008661179 0.01541506 0.010151975 0 0.14826929907869474 0.5541276437269305
SPLUS-s37s39 iDR3.SPLUS-s37s39.043645 316.539856653415 -47.71299393229323 2.7495828 66 3.54936 14.181945 12.0 0 0.98165596 22.523277 21.884094 21.46099 20.547726 20.240532 19.377544 19.415628 18.122046 17.483288 17.403812 17.128307 17.022339 0.6424519 0.52617174 0.6718863 0.23481265 0.16402736 0.027813606 0.06463858 0.01231744 0.009683312 0.008515768 0.01336314 0.010104335 0 0.09388736286391168 0.7469739184566094
SPLUS-n13s02 iDR3.SPLUS-n13s02.001285 151.59289960192226 -16.90725233357799 1.9985116 52 3.3060136 13.854546 12.0 0 0.98067373 22.578342 22.471848 21.990536 21.221415 20.549755 19.475925 19.157986 18.132744 17.530636 17.314056 17.040112 16.971355 0.5783158 0.9569717 1.0124425 0.44806328 0.23924428 0.033032294 0.058485758 0.01178133 0.011982229 0.007822463 0.012077461 0.01065319 0 0.11734044239292972 0.5893370842967586
SPLUS-n06s03 iDR3.SPLUS-n06s03.013882 153.37807709430936 -7.145294954037163 2.1653433 56 3.2126865 14.342195 11.0 0 0.9853401 22.143085 21.720917 99.0 20.698635 20.541103 19.52611 19.465916 18.20892 17.64746 17.581345 17.359411 17.314297 0.33232182 0.3735578 21.379473 0.23453514 0.19368145 0.031717163 0.0651456 0.0124030365 0.010326822 0.009581006 0.016358338 0.012017423 0 0.054596664983327985 0.7467483653564382
SPLUS-n11s38 iDR3.SPLUS-n11s38.022724 201.61404833529014 -13.696386681213617 2.8336558 53 3.7287283 14.550772 12.0 0 0.9809008 21.090368 20.782307 20.979324 20.597116 20.07211 19.21804 19.27614 18.138985 17.651424 17.591908 17.054707 17.273945 0.14525296 0.18733434 0.38685694 0.24263667 0.15746406 0.03130685 0.06715177 0.012775182 0.010869288 0.00993389 0.013281398 0.012718632 0 0.014941800217480991 0.9076325237010356
HYDRA-0096 iDR3.HYDRA-0096.056291 152.74776459377148 -36.064115808007664 2.4871645 46 3.8458347 15.155055 12.0 0 0.9804789 21.743286 21.718498 21.6753 20.87722 20.792023 19.308054 19.363823 18.109455 17.609852 17.543667 17.331097 17.277409 0.7646283 0.8883658 1.3173497 0.57983154 0.46942797 0.055065747 0.10474798 0.016978467 0.012247243 0.011903537 0.017446049 0.014092936 0 4.583218241078356e-309 1.0
HYDRA-0155 iDR3.HYDRA-0155.049110 156.5085972776564 -46.174344659094885 3.7016885 82 3.85474 14.810998 12.0 0 0.9819362 21.834057 22.302464 21.577744 20.267092 19.750717 19.111084 19.041224 18.009542 17.492437 17.482449 17.287476 17.21323 0.5051126 1.1169363 0.8054851 0.22317232 0.13212503 0.028771866 0.058865648 0.013825541 0.011416724 0.010442544 0.015719227 0.012531885 0 5.14935640999173e-309 1.0
HYDRA-0077 iDR3.HYDRA-0077.030037 150.64877053286628 -33.85234908682475 1.8796389 39 3.5917904 14.758539 12.0 0 0.98367447 23.345413 21.415548 20.948738 21.103954 20.382061 19.2568 19.083206 18.116581 17.544394 17.644695 17.482777 17.404665 1.4622447 0.42674053 0.49262348 0.45160308 0.22119655 0.028655028 0.06060444 0.012412512 0.01041058 0.010204241 0.017502306 0.012866552 0 5.20330753914248e-309 1.0
HYDRA-0142 iDR3.HYDRA-0142.063103 159.40928506180538 -43.24492827419765 2.0056453 42 3.4431107 13.673707 12.0 0 0.9771326 23.021526 21.435354 21.89086 21.121674 20.423344 19.519325 19.310633 18.167662 17.50917 17.337307 17.047749 16.95761 0.8521091 0.3079448 0.7431351 0.32009044 0.17000109 0.030165056 0.05487423 0.011818421 0.009851957 0.00857642 0.014271472 0.010464926 0 0.1449647176900843 0.6779353399236626
SPLUS-s02s08 iDR3.SPLUS-s02s08.012494 334.0131661783021 -1.7820701922332376 2.2188406 45 3.4873247 14.190959 12.0 0 0.982273 23.364273 22.488892 21.85411 21.440712 20.785297 19.663868 19.595734 18.334682 17.568224 17.598072 17.291645 17.214306 1.5509137 0.8932749 0.7605817 0.4443519 0.23178568 0.032694094 0.06881648 0.0131386155 0.009730204 0.009812504 0.01517331 0.011461135 0 0.11307474370707667 0.6792563585595044
SPLUS-s30s35 iDR3.SPLUS-s30s35.033955 59.14014798995329 -38.63571522809396 1.7891439 31 3.371279 13.860921 12.0 0 0.99552107 21.762348 22.097046 21.190374 20.482426 20.541924 19.427422 19.39399 18.283802 17.763779 17.69386 17.5308 17.47425 0.34769967 0.753077 0.56052077 0.2794465 0.28362653 0.041039433 0.08070479 0.0141010815 0.011548806 0.010732227 0.018353099 0.014331133 0 4.895193334657066e-309 1.0
SPLUS-s26s40 iDR3.SPLUS-s26s40.023765 63.069027085881494 -33.550370301593475 3.0618792 57 4.236185 14.813852 12.0 0 0.9816074 22.242716 21.961308 20.825735 20.41967 20.119373 19.475922 19.512947 18.327873 17.718563 17.847435 17.718735 17.59766 0.4138622 0.5481657 0.29415852 0.18756948 0.13150114 0.02889154 0.06561892 0.013723087 0.0112539455 0.012715156 0.024906825 0.01818533 0 5.10570203516991e-309 1.0
STRIPE82-0109 iDR3.STRIPE82-0109.074729 316.0076143384944 0.03591880694255352 3.0909069 78 1.82 15.534078 8.0 0 0.98266697 99.0 99.0 99.0 21.225132 99.0 19.561039 19.84064 18.27605 17.50776 17.624546 18.171432 17.3485 22.675425 21.985554 21.358257 0.32381976 21.62747 0.01793302 0.07873944 0.007993859 0.007275994 0.006440672 0.02443575 0.008047126 0 0.04433300713573196 0.774038145752888
STRIPE82-0140 iDR3.STRIPE82-0140.022345 337.9771556201932 0.4740770469146178 2.1469607 52 3.3984594 13.988002 12.0 0 0.9817525 21.997967 21.368465 23.553164 20.897594 20.738283 19.57592 19.473259 18.250338 17.736675 17.547619 17.332087 17.217731 0.2761593 0.25500742 2.9210455 0.24945714 0.20322877 0.029018298 0.05892526 0.011873589 0.010042691 0.008738955 0.014483697 0.010358149 0 0.0947446572947431 0.7593031287722993
SPLUS-s18s22 iDR3.SPLUS-s18s22.039904 315.5375247597032 -22.722531695759468 3.0364094 73 3.959461 14.932039 12.0 0 0.9775628 22.977623 21.48721 23.16023 20.716297 20.327263 19.645548 19.552734 18.36679 17.807068 17.628178 17.357582 17.295902 1.0078053 0.41605338 3.0999668 0.34449938 0.23880927 0.043823928 0.09300119 0.017653922 0.01151649 0.010989931 0.016853373 0.012685368 0 0.08863308031350041 0.7654147057535419
SPLUS-s26s34 iDR3.SPLUS-s26s34.013949 52.54792742576738 -33.84045116496162 2.400095 53 3.5283372 14.387933 11.0 0 0.9812471 99.0 21.266209 20.808788 21.45389 21.472103 19.816128 19.508055 18.47635 17.794888 17.599552 17.31493 17.194548 21.923365 0.36680627 0.35654417 0.6097792 0.5965059 0.054961506 0.08141195 0.016040666 0.011332639 0.009919648 0.0150099415 0.0111198155 0 0.16156661755941185 0.661333440054335
STRIPE82-0106 iDR3.STRIPE82-0106.004869 313.64835113069375 0.07978216981898206 3.580645 32 4.00372 15.012835 11.0 0 0.9794056 21.50741 99.0 21.238604 21.831753 20.508072 19.725754 19.553614 18.484833 17.955547 17.913303 17.71249 17.605474 0.48526737 21.116354 0.7413409 1.2120218 0.34577212 0.07038127 0.114454046 0.0194025 0.01550223 0.014670561 0.024339158 0.018102651 0 4.300073555634525e-309 1.0
STRIPE82-0087 iDR3.STRIPE82-0087.015827 300.64271942909875 -1.2288787838028161 3.062925 61 4.521954 15.965227 12.0 0 0.977904 22.950094 21.18491 21.2838 21.146303 20.583933 19.847126 19.724136 18.643827 17.60516 18.153652 17.946165 17.858286 0.85053945 0.3908621 0.6058906 0.39004973 0.21830301 0.034830473 0.08369367 0.014949341 0.009258709 0.013176158 0.022145018 0.017544473 0 4.679244817914e-309 1.0
STRIPE82-0087 iDR3.STRIPE82-0087.025062 300.57423786264445 -1.1480957657389617 2.9479449 60 3.9243915 15.942676 12.0 0 0.9812767 21.927553 20.937334 21.06587 21.266119 20.401003 19.643154 19.504498 18.492338 18.014751 18.007835 17.79283 17.731064 0.3356667 0.3135653 0.49777746 0.43046772 0.18385231 0.029328447 0.068816416 0.013386073 0.012251043 0.011744785 0.019563168 0.01575551 0 5.000910106335764e-309 1.0
STRIPE82-0102 iDR3.STRIPE82-0102.064267 310.398826705978 0.7744426039660356 2.1728523 41 3.28739 14.05774 12.0 0 0.9793268 22.16338 22.960903 22.0405 20.95296 20.981106 19.655106 19.681538 18.486975 17.917177 17.84229 17.614273 17.539295 0.3469792 1.150163 0.76919895 0.24524547 0.2419857 0.030590683 0.065999225 0.013869176 0.011059117 0.010689337 0.017984979 0.013486244 0 4.40008517473652e-309 1.0
SPLUS-s19s34 iDR3.SPLUS-s19s34.006580 332.8643916631728 -24.77740497521673 3.118911 35 3.6367197 15.286746 11.0 0 0.9760269 22.14011 21.3267 99.0 20.681328 20.459288 19.797012 19.855274 18.65048 17.962788 18.22452 18.007526 17.963364 0.4062222 0.351853 21.081785 0.2657563 0.21492001 0.04023785 0.0944273 0.017101193 0.013226012 0.017054873 0.03341048 0.024016768 0 5.23818356550467e-309 1.0
SPLUS-s23s42 iDR3.SPLUS-s23s42.034515 347.53311979435983 -29.027927735177585 3.4127502 59 4.27275 15.176657 11.0 0 0.9750446 22.501644 21.029013 99.0 21.535936 20.596561 19.675365 19.562752 18.447382 17.56675 17.672117 17.36388 17.32508 0.82605386 0.35282192 20.787064 0.7860678 0.34433976 0.0540366 0.10209339 0.019847477 0.012091637 0.01384486 0.022626821 0.018523965 0 0.09596115308351283 0.6866429535615516
SPLUS-n19s07 iDR3.SPLUS-n19s07.032609 173.67099237248956 -24.272610073199125 1.8397499 37 3.2662675 14.379369 12.0 0 0.99986994 22.557245 22.035582 21.74768 22.223598 20.593735 19.683258 19.695786 18.45245 17.810684 17.782398 17.519156 17.420467 0.62939376 0.55053097 0.7450505 0.9669388 0.22294411 0.03555949 0.07958751 0.014231951 0.011266663 0.010852141 0.022601217 0.013361772 0 0.05855453819264967 0.7900356120706196
HYDRA-0073 iDR3.HYDRA-0073.024803 158.86374998540282 -32.493190938039284 2.1392245 36 3.9773948 14.555239 12.0 0 0.9810661 23.672432 22.167046 21.293898 20.956078 20.45202 19.807377 19.878958 18.661446 17.829903 18.078917 17.857132 17.828064 1.5881133 0.6733028 0.48699576 0.32771137 0.20461193 0.048090253 0.102687255 0.017265977 0.01191252 0.01269945 0.020727182 0.015766423 0 4.81374329267098e-309 1.0
HYDRA-0138 iDR3.HYDRA-0138.061562 151.9968151080678 -43.289398354410366 1.9591455 30 4.1731453 14.405277 12.0 0 0.9689107 22.238497 21.588005 26.085297 21.304413 20.648293 19.696089 19.6988 18.553713 17.768463 17.976746 17.7967 17.736837 1.4071172 0.9724682 82.63314 0.9497821 0.47908482 0.08274229 0.15613392 0.024377 0.015985688 0.016373888 0.025373155 0.020420581 0 4.87935376948928e-309 1.0
HYDRA-0112 iDR3.HYDRA-0112.119517 149.8062938688626 -38.38155453914861 2.4750786 40 3.3051705 15.466884 9.0 0 0.98046887 21.025055 99.0 99.0 21.722935 99.0 19.586958 19.898375 18.485744 18.067234 18.108503 17.515312 17.76253 0.19615613 21.427782 20.831339 0.80213267 21.255617 0.034026593 0.124354646 0.015253431 0.015169881 0.015455849 0.021042177 0.020735312 0 5.398480698442757e-309 1.0
HYDRA-0105 iDR3.HYDRA-0105.074202 154.63887787073313 -37.38134402220933 2.6016855 46 3.919366 14.584719 12.0 0 0.97823185 23.099821 21.417477 23.289095 20.786007 20.980555 19.857279 19.686033 18.592455 18.014404 17.793827 17.521978 17.443176 1.0913806 0.34754092 3.1156387 0.26081344 0.2956923 0.040185843 0.076129526 0.016239371 0.01336422 0.011891513 0.020626716 0.015817653 0 0.11600882453040588 0.7380389615366364
HYDRA-0095 iDR3.HYDRA-0095.030232 150.52853172463816 -36.506966469988974 2.6795692 32 4.289722 16.564257 11.0 0 0.9737978 99.0 21.150726 21.610199 20.274828 21.281515 19.944939 19.778507 18.659025 18.092285 18.086582 17.886637 17.86126 20.98575 0.5899487 1.4331704 0.3304909 0.7252122 0.086655825 0.14693663 0.028905548 0.01805441 0.024986042 0.03674452 0.037541557 0 0.029785100438201213 0.827924130978904
SPLUS-s02s05 iDR3.SPLUS-s02s05.028291 329.65210665791756 -1.3832738894120693 3.398274 37 3.4243348 15.441057 11.0 0 0.9751511 99.0 21.687641 23.539532 21.32259 20.41256 19.952354 19.880943 18.782999 17.693356 18.258923 18.026485 17.916222 22.483795 0.3911169 3.6088822 0.4769399 0.19153635 0.04618121 0.097521365 0.01875482 0.010607655 0.017125959 0.03409293 0.022768881 0 4.615646971323944e-309 1.0
SPLUS-s30s37 iDR3.SPLUS-s30s37.048916 61.324627000901984 -38.240263918032994 2.3638978 39 3.6935408 15.017878 12.0 0 0.98281944 23.046099 21.987797 24.65379 21.65208 20.984303 20.229572 19.789978 18.867765 18.15581 18.189735 17.946949 17.888565 0.77613926 0.5268858 10.797127 0.61220264 0.34140062 0.054727536 0.09297072 0.018358678 0.013586514 0.013598963 0.022512509 0.017474888 0 0.09217777566660794 0.7091672546731581
STRIPE82-0109 iDR3.STRIPE82-0109.044747 316.35655840925625 -0.6555987965032701 2.6658003 65 4.149455 15.609065 12.0 0 0.9821035 22.324211 25.033773 22.097916 21.34922 21.021812 20.144806 20.012655 18.799877 18.196877 17.931171 17.599188 17.530659 0.3583306 7.984641 0.95409346 0.35397065 0.27601728 0.027927672 0.08924783 0.01149472 0.011216064 0.007844769 0.015349424 0.00916467 0 0.15211117872282132 0.6212375667214521
