Star-v5/Halpha-DR3_PStotal-STAR_total-clean-Final-hdbscan-group1.ecsv
# %ECSV 1.0
# ---
# datatype:
# - {name: Field, datatype: string}
# - {name: ID, datatype: string}
# - {name: RA, datatype: float64}
# - {name: DEC, datatype: float64}
# - {name: FWHM, datatype: float32}
# - {name: ISOarea, datatype: int32}
# - {name: KRON_RADIUS, datatype: float32}
# - {name: MU_MAX, datatype: float32}
# - {name: nDet_PStotal, datatype: float32}
# - {name: PhotoFlagDet, datatype: int16}
# - {name: CLASS_STAR, datatype: float32}
# - {name: u_PStotal, datatype: float32}
# - {name: J0378_PStotal, datatype: float32}
# - {name: J0395_PStotal, datatype: float32}
# - {name: J0410_PStotal, datatype: float32}
# - {name: J0430_PStotal, datatype: float32}
# - {name: g_PStotal, datatype: float32}
# - {name: J0515_PStotal, datatype: float32}
# - {name: r_PStotal, datatype: float32}
# - {name: J0660_PStotal, datatype: float32}
# - {name: i_PStotal, datatype: float32}
# - {name: J0861_PStotal, datatype: float32}
# - {name: z_PStotal, datatype: float32}
# - {name: e_u_PStotal, datatype: float32}
# - {name: e_J0378_PStotal, datatype: float32}
# - {name: e_J0395_PStotal, datatype: float32}
# - {name: e_J0410_PStotal, datatype: float32}
# - {name: e_J0430_PStotal, datatype: float32}
# - {name: e_g_PStotal, datatype: float32}
# - {name: e_J0515_PStotal, datatype: float32}
# - {name: e_r_PStotal, datatype: float32}
# - {name: e_J0660_PStotal, datatype: float32}
# - {name: e_i_PStotal, datatype: float32}
# - {name: e_J0861_PStotal, datatype: float32}
# - {name: e_z_PStotal, datatype: float32}
# - {name: Label, datatype: int64}
# - {name: P(Blue), datatype: float64}
# - {name: P(Red), datatype: float64}
# meta: !!omap
# - {TCOMM1: description}
# - {TCOMM2: description}
# - {TCOMM3: description}
# - {TCOMM4: description}
# - {TCOMM5: description}
# - {TCOMM6: description}
# - {TCOMM7: description}
# - {TCOMM8: description}
# - {TCOMM9: description}
# - {TCOMM10: description}
# - {TCOMM11: description}
# - {TCOMM12: description}
# - {TCOMM13: description}
# - {TCOMM14: description}
# - {TCOMM15: description}
# - {TCOMM16: description}
# - {TCOMM17: description}
# - {TCOMM18: description}
# - {TCOMM19: description}
# - {TCOMM20: description}
# - {TCOMM21: description}
# - {TCOMM22: description}
# - {TCOMM23: description}
# - {TCOMM24: description}
# - {TCOMM25: description}
# - {TCOMM26: description}
# - {TCOMM27: description}
# - {TCOMM28: description}
# - {TCOMM29: description}
# - {TCOMM30: description}
# - {TCOMM31: description}
# - {TCOMM32: description}
# - {TCOMM33: description}
# - {TCOMM34: description}
# - {TCOMM35: description}
# - {DATE-HDU: '2022-08-03T03:18:20'}
# - {STILVERS: 3.3-2}
# - {STILCLAS: uk.ac.starlink.fits.FitsTableWriter}
# schema: astropy-2.0
Field ID RA DEC FWHM ISOarea KRON_RADIUS MU_MAX nDet_PStotal PhotoFlagDet CLASS_STAR u_PStotal J0378_PStotal J0395_PStotal J0410_PStotal J0430_PStotal g_PStotal J0515_PStotal r_PStotal J0660_PStotal i_PStotal J0861_PStotal z_PStotal e_u_PStotal e_J0378_PStotal e_J0395_PStotal e_J0410_PStotal e_J0430_PStotal e_g_PStotal e_J0515_PStotal e_r_PStotal e_J0660_PStotal e_i_PStotal e_J0861_PStotal e_z_PStotal Label P(Blue) P(Red)
[from data line 571]
SPLUS-n17s15 iDR3.SPLUS-n17s15.019950 171.96941410327287 -21.83217458082848 2.7431393 32 4.286229 15.892836 12.0 0 0.9773675 19.423113 19.50259 19.365799 19.376532 19.414875 19.435108 19.609152 19.21864 18.941174 19.228525 19.314844 19.302034 0.04654595 0.07167064 0.09850192 0.09267549 0.09390453 0.03451623 0.084259555 0.026903104 0.02481359 0.032401647 0.07522403 0.061986376 1 0.6995192802835346 0.03328399826422467
SPLUS-n14s15 iDR3.SPLUS-n14s15.016843 169.4909785667385 -17.885356997402287 2.1229956 27 4.736757 15.581533 12.0 0 0.96894723 19.683771 19.799921 19.595097 19.496227 19.442255 19.631721 19.686989 19.29806 18.958004 19.24614 19.184845 19.309893 0.052003942 0.089135915 0.12650935 0.103962325 0.096208364 0.038078476 0.088803425 0.026979052 0.024029732 0.03296925 0.06701291 0.06288542 1 1.0 3.55372796005784e-309
SPLUS-n14s15 iDR3.SPLUS-n14s15.041866 170.19696655328286 -17.285069032070588 2.1592891 27 4.172708 15.677405 12.0 0 0.9768454 19.745409 19.381529 19.6787 20.01532 19.749804 19.652359 19.769 19.250603 18.94352 19.255466 19.474403 19.297968 0.05685765 0.06757772 0.1419006 0.15901183 0.123238586 0.038666096 0.094801165 0.026391562 0.024077097 0.033177897 0.08590859 0.062287163 1 0.9497608962086277 0.02605317884610977
SPLUS-n19s03 iDR3.SPLUS-n19s03.000601 168.15565032202275 -24.95076471413227 2.3565269 27 4.1556153 15.584072 12.0 0 0.951297 21.30557 21.103666 20.663822 20.387623 20.063646 19.62656 19.096579 19.21993 18.859066 19.157982 19.139492 19.059174 0.18643767 0.25264198 0.2802164 0.204277 0.15161599 0.035510164 0.054325428 0.024261516 0.022193579 0.030312477 0.06241985 0.0491435 1 0.9884466100312348 0.011553389968765147
SPLUS-n15s16 iDR3.SPLUS-n15s16.031624 171.9396557255919 -18.80355483363484 3.276366 41 4.3228583 15.814659 12.0 0 0.9717681 20.200983 19.991718 20.165611 19.88855 19.957552 19.800207 19.61686 19.215204 18.504139 19.083021 18.088829 18.459618 0.06437434 0.09069123 0.18238544 0.13169241 0.1307014 0.039245058 0.07655849 0.024889855 0.017166391 0.029331777 0.02767647 0.030468516 1 0.18447766009529726 0.17764647256951
SPLUS-n18s16 iDR3.SPLUS-n18s16.019813 172.23256772902826 -23.18693789782795 2.4744313 28 3.8919404 15.625172 12.0 0 0.97603345 19.584486 19.517872 19.716 19.601973 19.759024 19.607513 19.467262 19.317184 18.94675 19.230803 19.29101 19.347277 0.045880493 0.06572978 0.113456085 0.08673992 0.09289604 0.030483494 0.059966743 0.025983581 0.02298936 0.032372016 0.08048948 0.070479915 1 1.0 3.39616162040689e-309
SPLUS-n17s12 iDR3.SPLUS-n17s12.025994 167.23170909047846 -21.69128561054756 2.5638812 36 3.9844704 15.823481 12.0 0 0.9802126 20.690935 20.424334 19.67515 19.807503 19.53794 19.605442 19.33308 19.137009 18.808376 19.04285 19.000439 19.005106 0.11425011 0.14166301 0.124167606 0.11800585 0.092066355 0.03728925 0.06284689 0.024267487 0.02141444 0.0289419 0.06218286 0.050703365 1 0.7383076722183515 0.044227130766479994
SPLUS-n15s21 iDR3.SPLUS-n15s21.004067 179.18714985352517 -19.518859913955684 3.4516964 39 4.3457594 15.952817 12.0 0 0.97161067 19.816246 19.687824 19.596313 19.204735 18.550817 19.129145 19.25729 19.1829 18.799942 19.05083 18.904335 18.842447 0.04899305 0.07286904 0.11384189 0.07660811 0.047076695 0.025143394 0.06015168 0.023242913 0.020065188 0.027357768 0.05872883 0.038670577 1 0.2852964403492813 0.09532376712390604
SPLUS-n06s01 iDR3.SPLUS-n06s01.031518 149.73038848195878 -6.740834738804156 2.2228572 28 3.8162427 15.576608 12.0 0 0.9779101 19.64198 19.614117 19.880424 19.83016 19.658997 19.725506 19.706741 19.128468 18.844954 19.172325 19.211536 19.137611 0.050303716 0.068684414 0.12810647 0.104811765 0.09079057 0.03509311 0.07556008 0.02280943 0.020731676 0.030131808 0.062030368 0.051395763 1 0.4062020786443883 0.10586502438691806
SPLUS-n16s01 iDR3.SPLUS-n16s01.048067 150.94114456666466 -19.796504330857633 3.2186117 34 4.140472 16.124138 12.0 0 0.9133093 19.46157 19.424307 19.490856 19.428446 19.46916 19.487806 19.497059 19.233559 18.913801 19.136887 19.135214 19.101292 0.036598545 0.0586301 0.098226234 0.07776125 0.07812995 0.029905558 0.062973455 0.02777255 0.025179135 0.035238843 0.07047939 0.06651866 1 0.90874136092638 0.043431954466057555
SPLUS-n17s20 iDR3.SPLUS-n17s20.047601 177.94503862354165 -21.307978915616886 2.672782 43 3.5201871 15.73955 12.0 0 0.97581464 19.621222 19.496893 19.414917 19.816587 19.695549 19.749172 19.65615 19.150028 18.821102 19.041714 18.905876 19.072327 0.031741474 0.044190157 0.06685643 0.0812752 0.06948559 0.029546328 0.060062222 0.019275716 0.017464105 0.021582402 0.0405813 0.039008263 1 0.45159068500527094 0.10779059832887293
SPLUS-n15s05 iDR3.SPLUS-n15s05.026613 155.3276227312144 -18.754982015508055 2.7154462 26 5.034429 15.652989 12.0 0 0.95837295 22.136482 21.77831 21.68807 20.651695 19.744759 19.78665 19.655449 19.255432 18.420414 18.908798 18.786964 18.723812 0.8409138 0.8531255 1.1832258 0.47030663 0.20757806 0.08598535 0.15009159 0.04085196 0.023068829 0.031939395 0.056665268 0.042547733 1 0.48620413595933787 0.19090750466848583
SPLUS-n01s20 iDR3.SPLUS-n01s20.003006 176.8934371226852 -0.6411004111158466 4.1986804 50 4.7161865 16.315847 12.0 0 0.9259506 20.9064 20.75983 21.626297 20.477596 20.353899 20.1893 19.868256 19.261854 18.555454 19.150677 18.49636 18.6605 0.18714014 0.2288886 0.7516939 0.25939023 0.20460868 0.062316176 0.10925079 0.031225517 0.020914277 0.03451472 0.039909523 0.03727193 1 0.16389367774075883 0.5323654748112684
SPLUS-n02n23 iDR3.SPLUS-n02n23.022190 180.15952618608105 1.2129112212203665 1.8336458 17 3.9364083 15.35098 12.0 0 0.99962735 19.754017 19.519112 19.554691 19.781118 19.600208 19.607595 19.627636 19.228722 18.893578 19.233858 19.252247 19.340572 0.054184105 0.06709102 0.10878315 0.11366727 0.093404114 0.03461533 0.07453368 0.02692357 0.023728138 0.036817472 0.09043682 0.076001324 1 0.8699310083289259 0.05306788158519314
SPLUS-n01s26 iDR3.SPLUS-n01s26.017374 184.9269721119905 -0.30595397859355666 2.1340313 22 3.8449354 15.4124975 12.0 0 0.963242 19.559713 19.560541 19.7091 19.83842 19.666569 19.781626 19.705421 19.270393 18.920773 19.239674 19.382442 19.173859 0.04295233 0.0665063 0.12049119 0.11468458 0.09466481 0.037394654 0.07559935 0.0257417 0.023887372 0.034249023 0.08940342 0.061214842 1 0.6736445503017646 0.07982514258296132
SPLUS-n02n24 iDR3.SPLUS-n02n24.020916 181.7517098625927 1.1990112046487067 2.1605763 23 4.2652144 15.502445 12.0 0 0.99856514 19.546556 19.663471 19.04055 19.309776 19.219814 19.33358 19.337687 19.201904 17.750746 19.051384 19.099129 19.084497 0.05401161 0.08187762 0.078813866 0.08332196 0.080182016 0.031801052 0.0667502 0.027761927 0.011849439 0.032497726 0.08244612 0.06432265 1 0.4533527660334958 0.049566420000572695
SPLUS-n03s18 iDR3.SPLUS-n03s18.007607 174.1885156408191 -3.2454104832572845 1.9024934 19 3.653075 15.3069 12.0 0 0.98262674 19.463665 19.597075 19.439617 19.488804 19.431065 19.466507 19.511219 19.291424 18.927158 19.246008 19.471497 19.366764 0.044181414 0.06895569 0.09307791 0.08407392 0.076034255 0.028445378 0.06340086 0.024167178 0.021690546 0.037801348 0.07951416 0.062253743 1 0.538304984197517 0.043336338498634795
SPLUS-n03s18 iDR3.SPLUS-n03s18.053707 174.45343147899882 -2.2302052837419986 2.2713218 24 3.524698 15.168161 12.0 0 0.96937007 20.626925 20.45517 19.998796 19.687435 19.561283 19.500698 19.34824 19.115486 17.39477 19.026842 19.074244 19.038666 0.10960835 0.13671777 0.14654876 0.097916946 0.08385997 0.029091414 0.056084387 0.021234304 0.008538982 0.031818658 0.056541674 0.04662047 1 0.8075843053283348 0.027849692144578515
SPLUS-n11s35 iDR3.SPLUS-n11s35.003290 197.28393935786534 -14.169304565940392 4.284643 43 4.8689256 16.37621 12.0 0 0.7755289 20.063139 19.843475 19.888294 20.0159 19.950592 19.685017 19.360334 19.302113 18.958633 19.259907 18.954165 19.172958 0.084308036 0.104701675 0.1611223 0.16666141 0.15866369 0.04523495 0.0806627 0.032860808 0.030499283 0.043539144 0.07390303 0.081963785 1 1.0 3.941416745044606e-309
SPLUS-n05s43 iDR3.SPLUS-n05s43.020734 207.0607570377542 -5.590594207873475 2.5408235 28 4.3301854 15.570292 12.0 0 0.96193606 19.714874 19.79024 19.798283 19.193842 18.7384 19.1465 19.252062 19.119192 18.764692 19.0139 18.72222 18.802364 0.05269488 0.09087117 0.1674999 0.090790756 0.070127554 0.03223826 0.08316022 0.033073556 0.026525836 0.03703066 0.06763669 0.05533194 1 0.3752033482087224 0.10388055274095519
SPLUS-n12s30 iDR3.SPLUS-n12s30.018705 191.42379746107338 -15.112269999485413 3.498283 46 4.35002 15.999052 12.0 0 0.9682354 20.317596 20.187773 20.209162 20.096651 19.750095 19.736805 19.7598 19.124886 18.607615 18.90404 18.235334 18.473886 0.07696436 0.11392236 0.18077108 0.14786072 0.110283285 0.04189193 0.09847524 0.027023086 0.01996831 0.028689092 0.036689293 0.03518259 1 0.19407264299396448 0.16504907719063425
SPLUS-n10s43 iDR3.SPLUS-n10s43.003597 209.42654445422664 -12.836769136204193 2.1519864 26 3.4531868 15.33937 12.0 0 0.9733559 20.626272 20.233953 20.189713 20.122486 19.875607 19.654675 19.439148 19.26637 18.710997 19.129177 18.934174 18.947102 0.08786996 0.09190145 0.13742077 0.118134886 0.091205955 0.030559773 0.05324232 0.023627503 0.018833049 0.027712695 0.05397572 0.03983474 1 0.7482124204599923 0.07311784273469767
SPLUS-n12s28 iDR3.SPLUS-n12s28.034287 189.5213249255269 -14.298441170437556 4.951872 40 5.730423 16.604467 12.0 0 0.79841226 19.377012 19.30348 19.255642 19.617947 19.46992 19.418283 19.392506 19.149473 18.72061 19.166542 19.29327 19.362316 0.05392795 0.07872755 0.14417717 0.13663073 0.11729975 0.041148808 0.086216114 0.034736365 0.0220474 0.04579159 0.098519795 0.11035434 1 0.4473123899272474 0.04724413503462808
SPLUS-n12s32 iDR3.SPLUS-n12s32.010075 194.9728646412278 -15.412041196746886 2.125555 40 4.0612655 15.301217 12.0 0 0.97882473 19.796646 19.403296 19.43424 19.642616 19.39638 19.51432 19.40688 19.180784 18.84592 19.10865 18.777803 18.586172 0.033403873 0.03677338 0.05884568 0.05898547 0.04878853 0.020376626 0.04014885 0.017125245 0.015309038 0.021079937 0.032850385 0.023624348 1 0.4379925297760262 0.17353190821812717
SPLUS-n09s40 iDR3.SPLUS-n09s40.040538 204.03861125313406 -10.644628507040345 2.1725092 27 4.02955 15.279718 12.0 0 0.97822815 19.547039 19.292686 19.367949 19.370094 19.277954 19.373367 19.30643 19.259605 18.869411 19.205338 19.05349 18.686882 0.04333678 0.053532083 0.090241954 0.077629335 0.071293816 0.028688291 0.05680047 0.026651211 0.02284423 0.032551516 0.0681208 0.03728111 1 0.314491703898843 0.13077550026748955
SPLUS-n09s40 iDR3.SPLUS-n09s40.053884 204.72353045702647 -10.327045375609252 1.9823251 25 3.995806 15.444935 12.0 0 0.99946284 20.456394 19.87985 19.70777 19.743492 19.848064 19.729242 19.713772 19.31126 18.990162 19.194057 19.057495 19.10876 0.08336872 0.07976818 0.11301297 0.1023458 0.10967171 0.036717284 0.07648027 0.02704114 0.024332857 0.031910725 0.06745458 0.052902542 1 1.0 4.28219899522906e-309
SPLUS-n11s40 iDR3.SPLUS-n11s40.047643 204.0449726767481 -13.204765779334803 2.4497316 32 4.302254 15.374963 12.0 0 0.9810936 19.127285 19.031155 19.081282 19.737541 19.56437 19.756699 19.866951 19.256989 18.3114 18.895699 18.443901 18.498203 0.029576764 0.04117405 0.06667046 0.09268574 0.07812549 0.03395897 0.08167245 0.025162712 0.0156199 0.023819648 0.036699746 0.02965933 1 0.21018515109045033 0.16559737726240098
SPLUS-n11s44 iDR3.SPLUS-n11s44.021587 210.462116027613 -13.829598624380747 2.4150517 50 3.7922072 15.259972 12.0 0 0.91718894 19.90607 19.59158 19.83293 19.917393 19.526665 19.61531 19.47671 19.186087 18.578693 18.97401 18.0178 18.365396 0.046197526 0.05135982 0.09101481 0.08772249 0.061559312 0.026855342 0.048664402 0.018980967 0.014043155 0.018876774 0.019580502 0.019996623 1 0.2104733615381478 0.16436383794609616
SPLUS-n12s27 iDR3.SPLUS-n12s27.050572 187.68599306029085 -14.277412949256467 2.2741692 16 4.278464 15.680401 12.0 0 0.9966588 20.747482 20.209156 20.17586 19.735346 19.91325 19.592094 19.486713 19.259727 18.82017 19.303547 19.240288 19.30511 0.18980156 0.17969191 0.25993425 0.18297055 0.21348117 0.065094054 0.11606281 0.040835094 0.033717718 0.047797978 0.10262099 0.07644166 1 0.9900236736127546 0.00997632638724549
SPLUS-n05s44 iDR3.SPLUS-n05s44.004630 209.26799076523258 -6.019099453280302 2.2977815 21 5.047825 15.67964 12.0 0 0.9610318 19.474669 19.506935 19.440884 19.933502 19.551332 19.648424 19.816824 19.285202 18.86068 19.330929 19.351164 19.361992 0.043759357 0.07101037 0.111965925 0.16140574 0.11290465 0.04715291 0.10777951 0.034634165 0.02749436 0.04794602 0.11691722 0.09153398 1 0.7717782261988451 0.02928973236653258
SPLUS-n11s42 iDR3.SPLUS-n11s42.066480 207.09815897780416 -12.934109553263202 2.4392133 31 3.701096 15.710201 12.0 0 0.980246 19.942402 19.9574 19.963097 20.117502 19.92109 19.839394 19.873322 19.308804 18.840563 19.286373 19.481495 19.39923 0.04203948 0.059619162 0.09514373 0.08846551 0.07323079 0.025940046 0.058265347 0.020073215 0.016284479 0.025532959 0.07187311 0.051076267 1 0.5883766582794066 0.09369681084221095
SPLUS-n10s35 iDR3.SPLUS-n10s35.039017 197.58563659483602 -11.888926334232345 2.8594053 31 4.802417 15.816392 12.0 0 0.97637784 21.36185 20.989216 20.834389 20.392254 20.03146 19.629486 19.165047 19.225788 18.686117 19.002087 19.19152 18.892906 0.18373781 0.21289109 0.363192 0.19402322 0.14194272 0.037969105 0.055566635 0.027774656 0.022152726 0.029192856 0.08592887 0.04671892 1 0.8766391986110513 0.08420613379965862
HYDRA-0133 iDR3.HYDRA-0133.040191 157.59965455299493 -41.97150545128337 6.872837 28 2.4512603 15.58189 11.0 0 0.9270615 24.799889 99.0 22.783646 21.36723 22.150192 20.297344 20.460325 19.255236 18.427435 18.891752 18.510181 18.691 7.5831614 21.092276 3.4922752 1.095722 2.2898169 0.162634 0.36447075 0.050405715 0.028250767 0.037926726 0.05046995 0.048409883 1 0.08367135470684281 0.42574957574663097
HYDRA-0133 iDR3.HYDRA-0133.003889 158.97107780891025 -42.49748498897575 2.404644 16 3.4936683 15.593174 12.0 0 0.9150399 22.250828 21.296928 20.310032 20.016724 20.586632 20.121283 19.872057 19.307888 18.381403 19.03882 19.019268 18.907293 0.71693367 0.56462383 0.35916796 0.32445002 0.55340034 0.1401564 0.21651915 0.051863287 0.02676247 0.042865902 0.07856435 0.058726154 1 0.3423855741521505 0.3093368785860325
HYDRA-0039 iDR3.HYDRA-0039.017759 164.0932624932561 -27.036418012337744 2.5457103 29 3.9897046 16.568792 12.0 0 0.97544646 19.73779 19.779984 19.744495 20.035894 19.827068 19.700373 19.737072 19.277042 18.929512 19.2817 19.101658 19.236794 0.059292696 0.10068452 0.15173082 0.15692583 0.11841217 0.034680188 0.08911694 0.025823256 0.022947142 0.032959774 0.060670774 0.057198275 1 0.6898450437690092 0.030232871557435995
HYDRA-0155 iDR3.HYDRA-0155.040067 156.49721440655316 -46.26141564816617 3.5607045 38 4.8466334 16.117981 12.0 0 0.84644634 19.65688 19.453484 19.60345 19.883736 19.821865 19.716629 19.61014 19.273182 18.764816 19.159252 18.929716 18.855495 0.07836728 0.09453374 0.14435205 0.1605793 0.13928527 0.044618607 0.09077081 0.03357089 0.026064085 0.035944715 0.053675298 0.04632101 1 0.6073269396378327 0.11360203254349525
HYDRA-D-0003 iDR3.HYDRA-D-0003.107741 159.1973314436648 -35.47701717889647 2.1500213 41 3.9256713 16.199965 12.0 0 0.98904246 20.068893 20.021297 19.834028 19.75028 19.76395 19.609413 19.61302 19.204433 18.902288 19.074596 19.064344 19.043951 0.041933063 0.0650738 0.09160737 0.07582516 0.06719642 0.01890997 0.048580933 0.014140406 0.013297191 0.017217379 0.036075667 0.030812219 1 0.9894684939347952 0.0105315060652048
