Star-v5/Halpha-DR3_PStotal-STAR_total-clean-Final-hdbscan-group1.ecsv
# %ECSV 1.0
# ---
# datatype:
# - {name: Field, datatype: string}
# - {name: ID, datatype: string}
# - {name: RA, datatype: float64}
# - {name: DEC, datatype: float64}
# - {name: FWHM, datatype: float32}
# - {name: ISOarea, datatype: int32}
# - {name: KRON_RADIUS, datatype: float32}
# - {name: MU_MAX, datatype: float32}
# - {name: nDet_PStotal, datatype: float32}
# - {name: PhotoFlagDet, datatype: int16}
# - {name: CLASS_STAR, datatype: float32}
# - {name: u_PStotal, datatype: float32}
# - {name: J0378_PStotal, datatype: float32}
# - {name: J0395_PStotal, datatype: float32}
# - {name: J0410_PStotal, datatype: float32}
# - {name: J0430_PStotal, datatype: float32}
# - {name: g_PStotal, datatype: float32}
# - {name: J0515_PStotal, datatype: float32}
# - {name: r_PStotal, datatype: float32}
# - {name: J0660_PStotal, datatype: float32}
# - {name: i_PStotal, datatype: float32}
# - {name: J0861_PStotal, datatype: float32}
# - {name: z_PStotal, datatype: float32}
# - {name: e_u_PStotal, datatype: float32}
# - {name: e_J0378_PStotal, datatype: float32}
# - {name: e_J0395_PStotal, datatype: float32}
# - {name: e_J0410_PStotal, datatype: float32}
# - {name: e_J0430_PStotal, datatype: float32}
# - {name: e_g_PStotal, datatype: float32}
# - {name: e_J0515_PStotal, datatype: float32}
# - {name: e_r_PStotal, datatype: float32}
# - {name: e_J0660_PStotal, datatype: float32}
# - {name: e_i_PStotal, datatype: float32}
# - {name: e_J0861_PStotal, datatype: float32}
# - {name: e_z_PStotal, datatype: float32}
# - {name: Label, datatype: int64}
# - {name: P(Blue), datatype: float64}
# - {name: P(Red), datatype: float64}
# meta: !!omap
# - {TCOMM1: description}
# - {TCOMM2: description}
# - {TCOMM3: description}
# - {TCOMM4: description}
# - {TCOMM5: description}
# - {TCOMM6: description}
# - {TCOMM7: description}
# - {TCOMM8: description}
# - {TCOMM9: description}
# - {TCOMM10: description}
# - {TCOMM11: description}
# - {TCOMM12: description}
# - {TCOMM13: description}
# - {TCOMM14: description}
# - {TCOMM15: description}
# - {TCOMM16: description}
# - {TCOMM17: description}
# - {TCOMM18: description}
# - {TCOMM19: description}
# - {TCOMM20: description}
# - {TCOMM21: description}
# - {TCOMM22: description}
# - {TCOMM23: description}
# - {TCOMM24: description}
# - {TCOMM25: description}
# - {TCOMM26: description}
# - {TCOMM27: description}
# - {TCOMM28: description}
# - {TCOMM29: description}
# - {TCOMM30: description}
# - {TCOMM31: description}
# - {TCOMM32: description}
# - {TCOMM33: description}
# - {TCOMM34: description}
# - {TCOMM35: description}
# - {DATE-HDU: '2022-08-03T03:18:20'}
# - {STILVERS: 3.3-2}
# - {STILCLAS: uk.ac.starlink.fits.FitsTableWriter}
# schema: astropy-2.0
Field ID RA DEC FWHM ISOarea KRON_RADIUS MU_MAX nDet_PStotal PhotoFlagDet CLASS_STAR u_PStotal J0378_PStotal J0395_PStotal J0410_PStotal J0430_PStotal g_PStotal J0515_PStotal r_PStotal J0660_PStotal i_PStotal J0861_PStotal z_PStotal e_u_PStotal e_J0378_PStotal e_J0395_PStotal e_J0410_PStotal e_J0430_PStotal e_g_PStotal e_J0515_PStotal e_r_PStotal e_J0660_PStotal e_i_PStotal e_J0861_PStotal e_z_PStotal Label P(Blue) P(Red)
[from data line 724]
SPLUS-n11s33 iDR3.SPLUS-n11s33.024283 194.75339729526405 -13.578320344880119 3.2100105 26 4.6688066 16.47659 12.0 0 0.8967577 19.634785 19.367744 19.203129 19.764915 19.484324 19.700903 19.47219 19.500164 18.881283 19.6908 19.611952 19.747374 0.04687871 0.059099767 0.08561376 0.1119295 0.09333908 0.04408562 0.074823365 0.036813423 0.026536368 0.049095005 0.11925209 0.097106665 1 0.34914494069864194 0.050067734700594335
SPLUS-n07s43 iDR3.SPLUS-n07s43.000146 208.42507932884112 -8.84272077176926 3.0520163 20 3.8571208 15.580769 12.0 0 0.97320646 21.762135 21.816835 21.548912 20.42009 20.428108 19.697266 19.61369 19.344551 18.895739 19.107958 18.613365 19.057459 0.20832916 0.36494204 0.5126415 0.17113109 0.16706562 0.03359715 0.067365386 0.025017833 0.02114698 0.027241502 0.04003565 0.04681889 1 0.6055691692040663 0.06025023945314045
SPLUS-n12s31 iDR3.SPLUS-n12s31.019797 193.24513266812846 -15.220709872039796 2.3538177 36 4.180999 15.509481 12.0 0 0.9640914 20.606167 20.138062 20.81115 20.540546 20.412113 20.18093 20.08802 19.442253 18.892548 19.093834 18.433178 18.640085 0.08293776 0.081366606 0.22986285 0.15157562 0.13093768 0.04022171 0.08076974 0.023289416 0.017492214 0.02074109 0.028419945 0.024560565 1 0.1324170882037508 0.2307302271912572
SPLUS-n12s26 iDR3.SPLUS-n12s26.017576 186.63030702150044 -15.16667449086012 2.8079379 22 4.5536637 15.967062 12.0 0 0.9658838 19.763628 19.637707 19.728592 19.792477 19.787169 19.81633 19.716116 19.450607 19.106754 19.51061 19.558907 19.598642 0.04287402 0.062482662 0.10404315 0.09621069 0.09164699 0.03508401 0.0702296 0.027167892 0.024417153 0.036195945 0.09047967 0.071988784 1 0.664996571947116 0.05719277181884799
SPLUS-n10s42 iDR3.SPLUS-n10s42.051446 207.6016647682127 -11.643788434304271 3.0735333 29 3.664431 16.086077 12.0 0 0.95735335 20.984663 20.53429 19.86953 19.691467 19.896536 19.645926 19.41587 19.386826 18.497812 19.212254 19.317812 19.248806 0.1372175 0.14334244 0.14579698 0.10146998 0.119277805 0.033701494 0.06671821 0.03144213 0.01905138 0.03317855 0.0954131 0.06345077 1 0.9461659316442835 0.048216147636281334
SPLUS-n10s35 iDR3.SPLUS-n10s35.015367 197.44393014095735 -12.501969181787036 2.8782184 29 4.5623207 16.111551 12.0 0 0.9526987 21.140697 20.821926 20.020342 20.428688 20.633778 20.040623 19.822796 19.518318 18.160002 19.3769 19.456402 19.29793 0.15025498 0.18235444 0.17879392 0.20156915 0.23804662 0.052392915 0.09292395 0.03481732 0.01563147 0.039606985 0.10802192 0.06627537 1 0.8486752067299465 0.04956146470595648
HYDRA-0166 iDR3.HYDRA-0166.001451 163.16985644771535 -47.98162360016756 1.9825623 14 3.66803 15.164274 12.0 0 0.9733973 20.006514 19.470423 19.623821 19.852276 19.837004 19.80537 19.655998 19.496433 19.137112 19.343052 19.136507 19.305492 0.050389476 0.053754818 0.09410856 0.10183673 0.09548509 0.034467548 0.066935174 0.026717868 0.025541523 0.031199278 0.053874284 0.051900823 1 0.9258710372112654 0.028533497966703906
HYDRA-0111 iDR3.HYDRA-0111.043663 164.4053241408824 -37.72551688043008 2.3788803 25 4.1545577 16.635263 12.0 0 0.99382 19.135279 19.304098 19.26215 19.29946 19.349876 19.647102 19.599497 19.530006 18.40702 19.468487 19.098179 19.056164 0.034534756 0.06419806 0.10759666 0.08781354 0.08404336 0.03350954 0.08426552 0.032119878 0.019141458 0.038770024 0.14449583 0.048948076 1 0.3525372639138553 0.11877505213997983
HYDRA-0086 iDR3.HYDRA-0086.035296 151.65587579900048 -35.10102941187932 3.0235946 28 1.82 16.606222 12.0 0 0.93908477 22.533104 21.38277 21.319283 20.082443 20.284449 19.832531 19.95272 19.341076 18.948582 19.113432 18.653835 18.961561 1.0454309 0.4894503 0.71526194 0.21127571 0.23145716 0.06799433 0.1421599 0.03747252 0.031573053 0.034637555 0.049473293 0.050388847 1 0.6292963263538335 0.09433165291868945
HYDRA-0099 iDR3.HYDRA-0099.018124 158.98434782241017 -36.7700288789179 3.3825152 32 4.196708 16.29941 12.0 0 0.9626956 19.980137 19.749874 19.71508 19.835629 19.732824 19.739307 19.649643 19.35667 19.019232 19.281185 19.36327 19.338093 0.056607857 0.072088614 0.108250886 0.10830858 0.10052123 0.037407506 0.078390546 0.0293291 0.02503694 0.034892656 0.07409318 0.064689964 1 1.0 3.77273760492565e-309
HYDRA-0083 iDR3.HYDRA-0083.051350 160.52044648260116 -33.358736648545225 2.6491728 29 5.1111345 16.08099 12.0 0 0.96793544 20.663353 20.386833 20.46751 20.40937 20.273193 20.257797 20.102106 19.549294 19.092999 19.365139 19.35056 19.143682 0.120472856 0.14442158 0.24517407 0.19493294 0.15858208 0.05478429 0.11121519 0.03067991 0.02578576 0.03462942 0.08116645 0.051765423 1 0.6661647403810235 0.3338352596189766
HYDRA-0073 iDR3.HYDRA-0073.044573 159.8669204096638 -32.11679713702917 2.3963153 23 3.6984835 15.803692 12.0 0 0.9650725 20.033821 19.691538 20.208302 19.984797 20.421604 19.823246 19.86944 19.553741 19.189579 19.449549 19.48389 19.375572 0.06534393 0.08014302 0.18963541 0.14167005 0.20007646 0.048905537 0.10227704 0.03316537 0.029967472 0.03502476 0.072983645 0.054036144 1 0.836033807673002 0.04705771476797459
HYDRA-0014 iDR3.HYDRA-0014.036687 155.62041840343016 -23.90360566539619 1.8990761 21 3.8401802 15.604309 12.0 0 0.99950045 20.119762 20.070787 19.89237 19.10156 19.217178 19.499348 19.577812 19.502974 19.189854 19.424202 19.353287 19.23379 0.06179411 0.09361852 0.13371335 0.062777705 0.0671659 0.029940505 0.068196006 0.027422646 0.02567095 0.03277865 0.06765141 0.049974192 1 0.3399559840739874 0.09081281236049611
HYDRA-0033 iDR3.HYDRA-0033.023265 154.58144696936995 -27.015449816630206 2.669949 39 4.4701424 15.913971 12.0 0 0.96891683 20.700031 20.396196 20.49036 20.29566 20.459484 19.985645 19.904543 19.466047 19.139084 19.34352 18.774113 18.973097 0.07411489 0.091369644 0.14728181 0.10765033 0.11761846 0.030565536 0.06082342 0.020524383 0.019202119 0.023092376 0.031192757 0.029641632 1 0.5349374017529427 0.1711758495659669
HYDRA-0072 iDR3.HYDRA-0072.031710 157.78024741408038 -32.21597682924593 3.5075386 29 5.499682 16.481567 12.0 0 0.8962705 20.371895 19.932901 20.347652 20.38092 20.547232 20.13124 19.907906 19.492579 18.951738 19.556547 18.645195 18.809956 0.13272443 0.14453256 0.32245097 0.3268556 0.37490764 0.09872007 0.17628726 0.04852389 0.037026916 0.053284824 0.044183705 0.04338793 1 0.19859093537999145 0.19473585275615274
HYDRA-0138 iDR3.HYDRA-0138.038674 152.3568279242654 -43.525560412852876 1.9989598 17 4.139653 15.430169 12.0 0 0.90843207 20.621626 20.432125 20.59874 19.961182 19.964651 19.701025 19.585215 19.398563 18.606646 19.29071 19.490202 19.318201 0.30797976 0.32582006 0.5147259 0.27561778 0.25389308 0.081694745 0.13881737 0.04891039 0.030453004 0.048453696 0.105044715 0.07933709 1 0.9693862978302674 0.023983834367165734
HYDRA-0105 iDR3.HYDRA-0105.050340 154.999754479996 -37.71779741191499 2.5014029 20 5.366733 15.77708 12.0 0 0.9657887 22.840721 22.274105 21.939365 21.397549 21.505117 20.548489 20.347462 19.518503 19.079966 19.099516 18.990273 18.958447 0.84283483 0.73027766 0.8919112 0.4432866 0.46678758 0.06830155 0.12872173 0.03073464 0.026694963 0.03150709 0.06624377 0.05512699 1 0.08107457751474874 0.3971020187867051
HYDRA-0046 iDR3.HYDRA-0046.024846 160.4394717081719 -28.34446014867677 2.9848473 40 4.3117867 15.822372 12.0 0 0.9787874 21.530186 20.93082 20.69089 20.416595 20.57967 20.09287 19.795675 19.413227 18.874247 19.1722 18.38975 18.648705 0.27188918 0.20291585 0.27939808 0.1985242 0.20011051 0.048105203 0.08313587 0.026197286 0.02038593 0.026108565 0.030504074 0.029535955 1 0.16677196905860417 0.21677863962451988
HYDRA-0151 iDR3.HYDRA-0151.126562 163.10480325059748 -44.098865988453085 1.7698898 17 2.878515 15.221667 12.0 0 0.9726282 22.707804 22.514069 21.971691 21.082163 20.690378 20.488335 20.458687 19.443178 18.908657 19.003536 18.813486 18.806644 0.47550097 0.6690746 0.672005 0.2785111 0.1914358 0.05924292 0.1303024 0.026099032 0.02141263 0.024390398 0.043775547 0.035861827 1 0.03664687046250533 0.44152972583894845
HYDRA-0132 iDR3.HYDRA-0132.081403 156.2816066777466 -41.59759260053122 2.4620566 28 3.1769185 15.961999 12.0 0 0.99677724 22.854109 24.00096 22.34407 21.105484 21.21413 20.51178 20.437654 19.54295 19.092188 19.12323 19.067919 18.87648 0.798671 3.8365705 1.2850615 0.3642574 0.394135 0.07048149 0.15232219 0.031145146 0.023409555 0.027636027 0.048698153 0.041517023 1 0.062201992398967176 0.4562039379702735
HYDRA-0163 iDR3.HYDRA-0163.093333 155.39924683710603 -47.316427665698775 2.443783 22 5.2570057 16.028053 12.0 0 0.95792985 19.579365 19.276798 19.30562 19.59288 19.613155 19.85018 19.846735 19.439114 18.6339 19.425648 18.977705 19.046867 0.061817084 0.07265532 0.109900676 0.12899084 0.1250485 0.057034746 0.11916135 0.036610886 0.021975191 0.046107072 0.061884012 0.058110483 1 0.7134654108458416 0.11184738698955148
HYDRA-0062 iDR3.HYDRA-0062.015243 155.5428502642629 -31.26338366854759 2.0747359 17 3.0476973 15.886153 12.0 0 0.9720001 19.72525 19.805267 19.65388 20.044172 19.75951 19.864315 19.881184 19.385641 18.925594 19.32738 19.366999 19.25345 0.049237832 0.12125935 0.1694852 0.21669552 0.158026 0.06317471 0.1458216 0.039205313 0.032409526 0.039405834 0.09327879 0.072580084 1 0.7583319041551256 0.05140087325663394
HYDRA-0062 iDR3.HYDRA-0062.015832 155.91783940733507 -31.251208225991643 1.8934779 12 4.129884 15.938754 12.0 0 0.9466499 26.260769 21.306301 20.501825 20.787931 20.481232 19.91377 18.919853 19.54032 18.91162 19.751532 19.449297 19.628952 15.297068 0.46322438 0.36025393 0.42751986 0.303997 0.06657015 0.06418479 0.044515673 0.03191938 0.05660259 0.10051585 0.1017248 1 0.7062183542129393 0.034681296851650445
HYDRA-0154 iDR3.HYDRA-0154.036801 155.59782527260782 -46.38640267955067 4.065935 22 2.581786 15.953443 12.0 0 0.8741655 21.469185 21.789646 22.412634 20.852522 20.381018 20.256557 20.052784 19.635096 18.982346 19.40733 19.257902 19.244717 0.22370294 0.43519092 1.1969548 0.25958043 0.16106996 0.054435816 0.09934882 0.0390419 0.028048964 0.045429956 0.088596344 0.074864715 1 0.7711385468071996 0.22886145319280035
SPLUS-s02s08 iDR3.SPLUS-s02s08.004413 333.9455025519527 -1.985161463986751 2.2766979 21 4.56346 15.842975 12.0 0 0.9551407 20.164871 20.248962 20.001675 20.11559 20.318928 20.064253 20.020004 19.5956 19.155638 19.50653 19.584614 19.542002 0.09312039 0.12613177 0.15106975 0.14275126 0.15688187 0.044163585 0.09662886 0.031315915 0.026555834 0.04113592 0.09276381 0.07833776 1 0.7039406565178864 0.0645725326494944
SPLUS-s29s40 iDR3.SPLUS-s29s40.022426 65.97239490459414 -37.68470687680279 3.4788098 29 4.0588403 16.410643 10.0 0 0.9036823 23.06278 99.0 99.0 21.166832 22.006096 20.23478 19.248615 19.713165 19.27582 19.565277 19.692787 19.539288 0.79672146 21.90377 21.376942 0.34692508 0.7372993 0.05418033 0.057178658 0.036371417 0.03231974 0.045380354 0.11964718 0.082799934 1 0.7787900068809743 0.0635092774044274
SPLUS-s28s40 iDR3.SPLUS-s28s40.022168 64.8532030807007 -36.24607066086218 2.4355302 20 4.4411507 15.839563 12.0 0 0.95257175 20.211834 19.934628 19.84957 19.98719 20.044344 19.920063 19.657768 19.593348 19.12331 19.495575 18.725376 19.037449 0.07743824 0.10405133 0.2023654 0.16035882 0.14522281 0.041239027 0.07844957 0.03380583 0.02594678 0.060856882 0.050199773 0.070863724 1 0.4512041721744129 0.1606512627305861
SPLUS-s24s32 iDR3.SPLUS-s24s32.004293 48.61080597878481 -31.491798654190422 3.821393 27 4.761118 16.680233 12.0 0 0.82686603 20.087326 20.045834 20.096542 19.852575 19.95903 20.014603 19.955097 19.622604 19.312613 19.662163 19.696072 19.701645 0.106454626 0.12799259 0.19315729 0.14672248 0.14587082 0.054765884 0.11507126 0.039648306 0.03698002 0.05298037 0.11407491 0.09673133 1 0.88044573431193 0.039576488412161624
SPLUS-s24s32 iDR3.SPLUS-s24s32.028869 49.06663334504583 -30.71926461791548 5.381255 42 5.5840178 16.920803 12.0 0 0.66070515 20.573547 20.41249 20.262653 19.937775 20.520859 20.197826 19.712694 19.746143 18.941704 19.607052 19.097408 19.255703 0.16906285 0.18424255 0.23538905 0.15995678 0.23951133 0.064493775 0.09562635 0.044593286 0.028503934 0.051016737 0.06832247 0.0655179 1 0.5524750646764053 0.15363818664250428
SPLUS-s26s34 iDR3.SPLUS-s26s34.019010 53.00416234244469 -33.69539656544062 3.0475907 27 4.118422 16.20711 12.0 0 0.9312149 20.175133 19.780079 19.900387 20.071066 20.091864 19.937471 19.919546 19.673529 18.811367 19.746674 19.047348 19.435696 0.10322324 0.10394376 0.16665305 0.17671506 0.17324913 0.0603008 0.113748945 0.040275197 0.022595046 0.05030223 0.055895653 0.06783434 1 0.8057042274424752 0.06695666489438169
SPLUS-s26s30 iDR3.SPLUS-s26s30.039960 46.9988268026555 -33.09925373233811 3.0971112 33 4.3367467 16.309105 12.0 0 0.9377257 20.814114 20.598637 21.5103 20.819311 21.084745 20.466675 20.394894 19.74768 19.336544 19.429066 18.841831 18.991062 0.109552346 0.16091485 0.6325668 0.2916682 0.35691193 0.0657114 0.14973266 0.033887416 0.030045379 0.034865573 0.048737064 0.04337895 1 0.14466415707917166 0.218398505925316
SPLUS-s18s28 iDR3.SPLUS-s18s28.017880 325.17965627438605 -23.32140102285086 2.540616 29 3.9248068 15.985048 12.0 0 0.99174684 20.93816 20.821033 20.362494 21.206318 20.294374 20.140104 19.697681 19.566023 19.216118 19.398338 19.11718 19.207493 0.110497996 0.1517641 0.16845709 0.40188345 0.13793387 0.04150463 0.06583407 0.027412336 0.025080228 0.031955894 0.05576634 0.047256306 1 0.8400163623779812 0.15998363762201878
SPLUS-n20s40 iDR3.SPLUS-n20s40.074131 223.3729801213512 -25.1276532144157 2.6353471 24 5.118614 15.790585 12.0 0 0.9715913 21.418613 20.893044 20.688616 20.472858 20.61591 20.027325 19.942684 19.581757 18.622383 19.243916 19.059275 19.152802 0.16078292 0.1760103 0.25069055 0.18825367 0.20738202 0.045826305 0.09353394 0.03417629 0.019163994 0.03843715 0.069334365 0.06469747 1 0.5854625622046785 0.11825347464598476
SPLUS-n10s17 iDR3.SPLUS-n10s17.027797 172.4244466024295 -12.12065078434268 3.3821476 32 3.8386202 16.57692 12.0 0 0.77206415 20.178614 19.94558 20.312004 20.219051 19.954538 20.043629 20.24386 19.556786 19.215244 19.543888 19.527695 19.534164 0.08053792 0.0979544 0.24397652 0.24714509 0.17557453 0.052059 0.14498521 0.031800404 0.029213037 0.04991127 0.08738879 0.08720719 1 0.6454566696514485 0.06898130493028465
SPLUS-n05n50 iDR3.SPLUS-n05n50.017121 216.6133870755976 5.065007143584472 2.3436537 23 4.40114 15.71096 12.0 0 0.6648295 20.31609 20.089073 19.834946 20.064144 20.031158 19.848183 19.776638 19.599703 19.173424 19.767998 19.523624 19.190182 0.07468733 0.091548435 0.123818524 0.12735769 0.119516574 0.03632436 0.07508757 0.030940052 0.027095536 0.06163629 0.090184584 0.05713148 1 0.4141323884341266 0.10091461364429263
SPLUS-s32s65 iDR3.SPLUS-s32s65.032591 353.9177542690174 -40.805980606919405 3.1293702 24 5.111837 16.11575 12.0 0 0.7958098 19.891182 19.90343 19.898613 19.60421 19.702255 19.895782 19.666065 19.643974 19.198767 19.468884 18.707603 18.999186 0.099877365 0.15996367 0.24322139 0.18382128 0.18973762 0.08603942 0.13554458 0.05004051 0.041472465 0.044551577 0.04725518 0.046075698 1 0.39478771333607354 0.17644682189217636
SPLUS-s38s30 iDR3.SPLUS-s38s30.036640 59.89609325215425 -48.76055656742772 3.2149951 24 4.226701 16.502337 12.0 0 0.92628074 21.02858 21.254898 20.84074 20.736835 20.494854 20.101017 19.988115 19.658234 19.312288 19.570744 19.758623 19.685026 0.13661419 0.3159651 0.3061344 0.23503137 0.18919148 0.046667784 0.09629593 0.03349332 0.031678982 0.04695949 0.119775794 0.09671653 1 0.843707325914299 0.04544145326915912
STRIPE82-0163 iDR3.STRIPE82-0163.028116 354.6541733025063 -0.6884191782527765 2.2951028 16 3.5988436 16.672644 12.0 0 0.95343906 19.895695 20.131363 20.114037 19.98465 20.26559 19.999926 20.026405 19.706123 19.37017 19.690105 19.922686 19.76515 0.07628837 0.1284499 0.18614528 0.13500653 0.15892674 0.050564628 0.1149235 0.040615574 0.034095746 0.049365737 0.15169382 0.099621736 1 0.9490474909253388 0.007414383041211672
