Star-v5/Halpha-DR3_PStotal-STAR_total-clean-unique-simbad-nonspectra.ecsv
# %ECSV 1.0
# ---
# datatype:
# - {name: Field, datatype: string}
# - {name: ID, datatype: string}
# - {name: RA, datatype: float64}
# - {name: DEC, datatype: float64}
# - {name: FWHM, datatype: float64}
# - {name: ISOarea, datatype: int64}
# - {name: KRON_RADIUS, datatype: float64}
# - {name: MU_MAX, datatype: float64}
# - {name: nDet_PStotal, datatype: float64}
# - {name: PhotoFlagDet, datatype: int64}
# - {name: CLASS_STAR, datatype: float64}
# - {name: u_PStotal, datatype: float64}
# - {name: J0378_PStotal, datatype: float64}
# - {name: J0395_PStotal, datatype: float64}
# - {name: J0410_PStotal, datatype: float64}
# - {name: J0430_PStotal, datatype: float64}
# - {name: g_PStotal, datatype: float64}
# - {name: J0515_PStotal, datatype: float64}
# - {name: r_PStotal, datatype: float64}
# - {name: J0660_PStotal, datatype: float64}
# - {name: i_PStotal, datatype: float64}
# - {name: J0861_PStotal, datatype: float64}
# - {name: z_PStotal, datatype: float64}
# - {name: e_u_PStotal, datatype: float64}
# - {name: e_J0378_PStotal, datatype: float64}
# - {name: e_J0395_PStotal, datatype: float64}
# - {name: e_J0410_PStotal, datatype: float64}
# - {name: e_J0430_PStotal, datatype: float64}
# - {name: e_g_PStotal, datatype: float64}
# - {name: e_J0515_PStotal, datatype: float64}
# - {name: e_r_PStotal, datatype: float64}
# - {name: e_J0660_PStotal, datatype: float64}
# - {name: e_i_PStotal, datatype: float64}
# - {name: e_J0861_PStotal, datatype: float64}
# - {name: e_z_PStotal, datatype: float64}
# - {name: main_id, datatype: string}
# - {name: ra_x, datatype: float64}
# - {name: dec_x, datatype: float64}
# - {name: coo_err_maj, datatype: float64}
# - {name: coo_err_min, datatype: float64}
# - {name: coo_err_angle, datatype: float64}
# - {name: nbref, datatype: int64}
# - {name: ra_sexa, datatype: string}
# - {name: dec_sexa, datatype: string}
# - {name: coo_qual, datatype: string}
# - {name: coo_bibcode, datatype: string}
# - {name: main_type, datatype: string}
# - {name: other_types, datatype: string}
# - {name: radvel, datatype: float64}
# - {name: radvel_err, datatype: float64}
# - {name: redshift, datatype: float64}
# - {name: redshift_err, datatype: float64}
# - {name: sp_type, datatype: string}
# - {name: morph_type, datatype: float64}
# - {name: plx, datatype: float64}
# - {name: plx_err, datatype: float64}
# - {name: pmra, datatype: float64}
# - {name: pmdec, datatype: float64}
# - {name: pm_err_maj, datatype: float64}
# - {name: pm_err_min, datatype: float64}
# - {name: pm_err_pa, datatype: float64}
# - {name: size_maj, datatype: float64}
# - {name: size_min, datatype: float64}
# - {name: size_angle, datatype: float64}
# - {name: B, datatype: float64}
# - {name: V, datatype: float64}
# - {name: R_x, datatype: float64}
# - {name: J, datatype: float64}
# - {name: H, datatype: float64}
# - {name: K, datatype: float64}
# - {name: u, datatype: float64}
# - {name: g, datatype: float64}
# - {name: r_xa, datatype: float64}
# - {name: i, datatype: float64}
# - {name: z, datatype: float64}
# - {name: angDist, datatype: float64}
# schema: astropy-2.0
Field ID RA DEC FWHM ISOarea KRON_RADIUS MU_MAX nDet_PStotal PhotoFlagDet CLASS_STAR u_PStotal J0378_PStotal J0395_PStotal J0410_PStotal J0430_PStotal g_PStotal J0515_PStotal r_PStotal J0660_PStotal i_PStotal J0861_PStotal z_PStotal e_u_PStotal e_J0378_PStotal e_J0395_PStotal e_J0410_PStotal e_J0430_PStotal e_g_PStotal e_J0515_PStotal e_r_PStotal e_J0660_PStotal e_i_PStotal e_J0861_PStotal e_z_PStotal main_id ra_x dec_x coo_err_maj coo_err_min coo_err_angle nbref ra_sexa dec_sexa coo_qual coo_bibcode main_type other_types radvel radvel_err redshift redshift_err sp_type morph_type plx plx_err pmra pmdec pm_err_maj pm_err_min pm_err_pa size_maj size_min size_angle B V R_x J H K u g r_xa i z angDist
[from data line 49]
SPLUS-s23s28 iDR3.SPLUS-s23s28.048482 326.4167001057865 -29.32690805408077 2.2089298 116 3.9019687 13.924645 12.0 3 0.9318033 19.437794 18.850342 19.113686 19.05526 18.784925 18.633448 18.409397 17.851534 17.43653 17.70914 16.600075 16.870674 0.03523373 0.034471765 0.06276935 0.051217884 0.04186698 0.014966014 0.026566638 0.00898957 0.00847237 0.009875129 0.009560254 0.008501425 "6dFGS gJ214540.0-291937" 326.41675 -29.3269166667 "" "" 172.0 1 "21 45 40.02" "-29 19 36.9" D 2009MNRAS.399..683J Galaxy G 85609.578 45.0 0.3414195 0.0001501 "" "" "" "" "" "" "" "" "" "" "" "" 19.45 "" 17.62 "" "" "" "" "" "" "" "" 0.159639
SPLUS-s24s70 iDR3.SPLUS-s24s70.031264 348.88240046675367 -30.813531857016685 2.099862 110 3.2778196 13.075192 12.0 2 0.9798774 16.66067 16.627388 16.621784 16.893513 16.765318 17.099766 17.061565 17.037813 16.204412 16.970192 16.72324 16.788134 0.008008082 0.011602969 0.016902644 0.016590128 0.015424742 0.007282199 0.014089956 0.0062318086 0.0047241715 0.0063604633 0.010575507 0.00798026 "V* CC Scl" 348.8827478212 -30.8132425062 0.0 0.0 90.0 44 "23 15 31.85948" "-30 48 47.6730" A 2020yCat.1350....0G CataclyV* *|CV*|CV?|IR|PM*|V*|X|ev "" "" "" "" "" "" 4.8921 0.0705 -48.645 -55.904 0.06 0.078 90.0 "" "" "" 16.6 "" "" 16.04 15.849 15.404 "" "" "" "" "" 1.496145
SPLUS-n06s41 iDR3.SPLUS-n06s41.004744 204.0776714159391 -7.3810632714249085 3.3221204 108 3.9906778 14.480042 12.0 2 0.9202445 18.00182 17.735756 17.920746 17.972406 17.8807 17.921288 17.90268 17.615177 16.946861 17.749027 16.610125 17.126408 0.016388109 0.021813763 0.037626658 0.035674475 0.029975273 0.012986694 0.024121128 0.009635942 0.00749389 0.012048109 0.011296323 0.012769722 "NVSS J133618-072251" 204.0775458333 -7.3809638889 1.0 1.0 90.0 0 "13 36 18.611" "-07 22 51.47" C 2015ApJ...801...26H Radio Rad "" "" "" "" "" "" "" "" "" "" "" "" "" "" "" "" "" "" "" "" "" "" "" "" "" "" "" 0.573606
STRIPE82-0103 iDR3.STRIPE82-0103.087891 311.68032152939907 -0.1083733523377717 3.0950208 62 3.8419266 14.591213 12.0 0 0.9819553 18.111506 17.922937 17.78068 17.91608 17.880634 17.941536 17.963009 18.067644 17.836319 18.15777 18.197987 18.220695 0.018548194 0.02356974 0.03190994 0.028953357 0.026891513 0.011252525 0.023737242 0.011748475 0.011189643 0.015011548 0.032602057 0.026737453 "SDSS J204643.27-000630.2" 311.6803323743 -0.1083799067 0.0 0.0 90.0 1 "20 46 43.27977" "-00 06 30.1677" A 2020yCat.1350....0G CataclyV* *|CV* "" "" "" "" "" "" 0.1889 0.1153 -6.559 -2.787 0.112 0.087 90.0 "" "" "" "" "" "" "" "" "" 17.829 17.689 17.772 17.868 17.963 0.045618
SPLUS-n15s32 iDR3.SPLUS-n15s32.027765 194.71243591833775 -18.90845847504356 4.026399 59 4.2553897 15.20235 12.0 0 0.9810193 20.911589 19.712503 19.374714 19.13301 18.933464 18.50431 17.774988 18.211863 17.84267 18.125387 18.084366 18.00057 0.18126848 0.100239486 0.121684834 0.08629119 0.069543265 0.018423053 0.024659956 0.014486491 0.013675089 0.015809989 0.03043389 0.023700396 "PSO J194.7124-18.9084" 194.71240118 -18.90848475 0.002 0.003 90.0 1 "12 58 50.97628" "-18 54 30.5451" C 2017yCat.2349....0C QSO IR|QSO 268408.834 "" 3.255 "" "" "" "" "" "" "" "" "" "" "" "" "" "" "" "" "" "" "" "" 18.182 17.894 17.815 17.808 0.151474
SPLUS-s24s63 iDR3.SPLUS-s24s63.042079 338.2155980841278 -30.54711277145381 2.227922 62 3.6085904 14.2151575 12.0 0 0.98041457 17.92139 17.451529 17.712349 17.87841 17.785751 17.957096 17.974405 18.035313 17.745699 18.163914 18.017374 17.730614 0.015221374 0.018394215 0.031568125 0.030800348 0.028416894 0.012161857 0.024958745 0.011495048 0.011156229 0.01488507 0.02898808 0.017392283 "[VV2006] J223251.7-303250" 338.2156221018 -30.5471409985 0.0 0.0 90.0 4 "22 32 51.74930" "-30 32 49.7076" A 2020yCat.1350....0G QSO *|IR|QSO 87362.018 "" 0.35 "" "" "" 0.1803 0.1485 0.081 0.125 0.156 0.145 90.0 "" "" "" "" 18.07 "" 17.089 "" 14.944 "" "" "" "" "" 0.12598
SPLUS-n16s01 iDR3.SPLUS-n16s01.026342 151.894380024813 -20.292330786813192 2.925281 67 3.8296182 14.73216 12.0 0 0.9781087 18.152794 17.945292 18.095516 18.489325 18.408993 18.609737 18.71009 18.148483 17.581558 17.820751 17.421133 17.454443 0.016197927 0.02248434 0.036606696 0.039957024 0.036902294 0.016830824 0.03596224 0.012905614 0.010583843 0.012617139 0.017847804 0.016351042 "RX J1007.5-2017" 151.8943858781 -20.2923475882 0.0 0.0 90.0 27 "10 07 34.65261" "-20 17 32.4513" A 2020yCat.1350....0G CataclyV* *|CV*|IR|X "" "" "" "" "" "" 1.384 0.1315 -7.578 0.773 0.106 0.106 90.0 "" "" "" "" 18.0 "" 16.304 15.63 15.219 "" "" "" "" "" 0.063632
SPLUS-n11s38 iDR3.SPLUS-n11s38.022724 201.6140483352901 -13.696386681213616 2.8336558 53 3.7287283 14.550772 12.0 0 0.9809008 21.090368 20.782307 20.979324 20.597116 20.07211 19.21804 19.27614 18.138985 17.651424 17.591908 17.054707 17.273945 0.14525296 0.18733434 0.38685694 0.24263667 0.15746406 0.03130685 0.06715177 0.012775182 0.010869288 0.00993389 0.013281398 0.012718632 "ATO J201.6140-13.6964" 201.6140406698 -13.6964442568 0.0 0.0 90.0 1 "13 26 27.36976" "-13 41 47.1993" A 2020yCat.1350....0G V* *|IR|V* "" "" "" "" "" "" 0.5705 0.1252 -4.502 3.349 0.164 0.082 90.0 "" "" "" "" "" "" 16.191 15.397 15.541 "" "" "" "" "" 0.208999
SPLUS-n04s42 iDR3.SPLUS-n04s42.023225 206.1007509486805 -4.009087977348028 3.9689841 58 4.2187085 15.526166 12.0 0 0.97411186 18.594612 18.588186 18.525225 18.763443 18.626253 18.596516 18.57357 18.170578 17.886421 18.134655 18.200571 18.191753 0.026777105 0.042214293 0.06677793 0.078117765 0.066960715 0.030029962 0.054005902 0.017683817 0.018524174 0.019971138 0.044897564 0.03547852 "GALEX 2697209826671330020" 206.100692205 -4.0091204899 0.0 0.0 90.0 1 "13 44 24.16613" "-04 00 32.8338" A 2020yCat.1350....0G Blue *|UV|blu "" "" "" "" "" "" "" "" -0.137 0.012 0.172 0.122 90.0 "" "" "" 17.8 "" 18.1 "" "" "" "" "" "" "" "" 0.241254
HYDRA-0086 iDR3.HYDRA-0086.015622 150.18477170161344 -35.42167629637124 2.4758172 44 3.8012831 15.395896 12.0 0 0.9792056 20.494545 20.679049 20.553106 19.353441 19.331705 18.829588 18.455593 18.15147 17.738338 17.872868 17.301622 17.6797 0.16348647 0.25686982 0.35393617 0.11229443 0.10122146 0.029543288 0.041100163 0.01496996 0.0131519195 0.0133200735 0.017521307 0.017611189 "CRTS J100044.3-352518" 150.1847811311 -35.4216840326 0.0 0.0 90.0 1 "10 00 44.34747" "-35 25 18.0625" A 2018yCat.1345....0G EB* *|EB*|IR "" "" "" "" "" "" 0.3697 0.1577 -6.152 4.465 0.271 0.302 90.0 "" "" "" "" "" "" 16.31 15.441 15.156 "" "" "" "" "" 0.039254
HYDRA-0123 iDR3.HYDRA-0123.009112 154.24595220693223 -41.06237174233288 2.6691082 44 3.4119427 14.474967 12.0 0 0.98023105 17.88182 17.715763 17.88988 18.444084 18.29342 18.331295 18.16323 18.073553 17.718407 17.801765 17.845459 17.649492 0.019777616 0.02476121 0.03815319 0.0585898 0.047437206 0.019914562 0.034589984 0.013514595 0.011416392 0.013230187 0.026872357 0.019455655 "V* V381 Vel" 154.2458784918 -41.0622878355 0.0 0.0 90.0 13 "10 16 59.01084" "-41 03 44.2362" A 2020yCat.1350....0G CataclyV* *|CV*|IR|V*|X "" "" "" "" "" "" 2.0287 0.0724 4.686 -13.369 0.058 0.072 90.0 "" "" "" 18.25 "" "" 16.619 16.182 "" "" "" "" "" "" 0.362325
SPLUS-n12s31 iDR3.SPLUS-n12s31.070691 193.66842223396813 -14.378990668761771 1.9403054 37 3.4866288 14.343333 12.0 0 0.98356295 21.63338 20.02515 19.631287 19.524923 19.25169 18.827803 18.154839 18.433754 18.121975 18.310715 18.288025 18.218836 0.20509697 0.07541097 0.08708443 0.06680583 0.052333318 0.015458028 0.020186283 0.0112576205 0.010527341 0.011564184 0.02530963 0.017374462 "6dFGS gJ125440.4-142244" 193.668375 -14.3789722222 "" "" 172.0 1 "12 54 40.41" "-14 22 44.3" D 2009MNRAS.399..683J Galaxy G 165487.303 55.0 0.8612758 0.0001835 "" "" "" "" "" "" "" "" "" "" "" "" 19.42 "" 18.46 "" "" "" "" "" "" "" "" 0.177598
HYDRA-0087 iDR3.HYDRA-0087.003183 151.80343143471185 -35.63381587813842 2.382315 45 3.6460927 14.399104 12.0 0 0.97679 21.157505 21.01032 21.0657 20.33489 20.117146 19.397425 19.263733 18.388319 17.94363 17.901918 17.397896 17.58099 0.20044242 0.28427383 0.44490793 0.23025538 0.18235126 0.04098018 0.07171187 0.017012708 0.017122848 0.015703851 0.023164263 0.02041474 "CRTS J100712.8-353801" 151.8034027048 -35.6338179095 0.0 0.0 90.0 1 "10 07 12.81665" "-35 38 01.7445" A 2018yCat.1345....0G EB* *|EB*|IR "" "" "" "" "" "" 0.3559 0.1497 -13.289 0.429 0.244 0.263 90.0 "" "" "" "" "" "" 16.196 15.501 15.207 "" "" "" "" "" 0.084379
SPLUS-s24s03 iDR3.SPLUS-s24s03.032667 2.7306881758399904 -30.739852073510534 3.1934059 57 3.9492948 15.1436205 12.0 0 0.979237 19.54575 19.461926 19.559193 19.414352 19.279243 19.083326 18.890686 18.553028 18.238958 18.450684 17.527431 17.98509 0.038900133 0.06922438 0.13371556 0.096267775 0.07887864 0.024088144 0.047347676 0.014521835 0.014359443 0.016753234 0.021876097 0.019965068 "2QZ J001055.3-304423" 2.7307265757 -30.7398374745 0.0 0.0 90.0 3 "00 10 55.37438" "-30 44 23.4149" A 2020yCat.1350....0G Galaxy *|G 78400.364 "" 0.307 "" "" "" 0.0847 0.1837 0.126 -0.153 0.249 0.155 90.0 "" "" "" 19.13 18.47 "" "" "" "" "" "" "" "" "" 0.129921
SPLUS-s23s18 iDR3.SPLUS-s23s18.013996 25.764557663482428 -29.88188949191848 2.942149 56 3.5051017 15.139761 12.0 0 0.9875409 19.30561 19.177528 19.559143 18.686558 17.922565 18.573383 18.745728 18.561573 18.178955 18.451216 18.200773 18.19268 0.033808846 0.050622538 0.11172836 0.053493842 0.029868247 0.017239988 0.040919386 0.015375382 0.013930642 0.017202813 0.03014935 0.02305369 "[VV2006] J014303.6-295255" 25.7645838298 -29.8819003819 0.0 0.0 90.0 4 "01 43 03.50012" "-29 52 54.8414" A 2020yCat.1350....0G QSO *|IR|QSO 253322.013 "" 2.45 "" "" "" "" "" -0.258 -0.127 0.182 0.125 90.0 "" "" "" "" 18.98 "" 17.292 16.286 15.37 "" "" "" "" "" 0.090597
SPLUS-s24s63 iDR3.SPLUS-s24s63.011337 337.80812689962085 -31.33455219401752 2.0971923 33 3.8102875 14.834971 12.0 0 0.9996396 18.823704 18.896534 18.88786 18.997402 18.894508 18.842434 18.840584 18.474323 18.113789 18.572548 18.638847 18.566502 0.025015956 0.043031037 0.066820756 0.06536314 0.059317216 0.020555831 0.04372615 0.015096655 0.013804304 0.019958789 0.047548983 0.034223672 "2QZ J223114.0-312005" 337.8081847706 -31.3346144193 0.0 0.0 90.0 1 "22 31 13.96434" "-31 20 04.6119" A 2020yCat.1350....0G Star * "" "" "" "" "" "" 0.0627 0.1915 -0.081 -0.015 0.178 0.158 90.0 "" "" "" "" "" "" "" "" "" "" "" "" "" "" 0.286089
SPLUS-s25s10 iDR3.SPLUS-s25s10.029368 14.162698397718229 -31.96627152132016 3.639341 62 4.065282 15.524102 12.0 0 0.97954315 19.472694 19.398125 19.31873 19.582535 19.447369 19.175774 19.091051 18.489122 18.08472 18.217087 18.096756 18.108143 0.04568331 0.06895578 0.10928834 0.11165092 0.10269286 0.026345292 0.0554858 0.016630115 0.0141447205 0.017114688 0.02884739 0.025666827 "[VV2006] J005639.0-315759" 14.1627557697 -31.9662985398 0.0 0.0 90.0 4 "00 56 39.06138" "-31 57 58.6747" A 2020yCat.1350....0G QSO *|IR|QSO 207866.829 "" 1.35 "" "" "" 0.0107 0.1784 0.036 -0.034 0.168 0.224 90.0 "" "" "" "" 19.36 "" 16.716 15.897 15.423 "" "" "" "" "" 0.200406
SPLUS-n01s18 iDR3.SPLUS-n01s18.023643 174.05290786239414 0.0819136002772735 2.7085376 44 4.025527 15.212817 12.0 0 0.97617346 20.587358 20.675152 19.89515 19.491806 19.62697 19.135344 19.263395 18.569016 18.132963 18.359161 18.301533 18.259165 0.17851904 0.28236452 0.22504091 0.1379378 0.15687309 0.03796068 0.0877468 0.020686595 0.01777392 0.020422459 0.036426425 0.030301204 "MGC 22410" 174.052875 0.0819722222 "" "" 172.0 1 "11 36 12.69" "+00 04 55.1" D 2003MNRAS.344..307L Star *|G "" "" "" "" "" "" "" "" "" "" "" "" "" "" "" "" 19.46 "" "" "" "" "" "" "" "" "" "" 0.241937
SPLUS-n09s42 iDR3.SPLUS-n09s42.059941 207.2915523238017 -10.46520030445848 1.9332536 30 3.710623 14.592832 12.0 0 0.9661132 18.989338 18.837109 18.911238 18.962227 18.927582 18.863203 18.881506 18.625216 18.359608 18.619171 18.648394 18.678875 0.030458849 0.040507372 0.065314606 0.059713703 0.055687025 0.020679617 0.042569075 0.016872019 0.016069066 0.020975852 0.05163155 0.03886239 "GALEX 2699039409724984205" 207.2914913986 -10.465233884 0.0 0.0 90.0 1 "13 49 09.95794" "-10 27 54.8420" A 2020yCat.1350....0G Blue *|UV|blu "" "" "" "" "" "" 0.2446 0.2789 0.497 -0.112 0.286 0.207 90.0 "" "" "" 18.0 "" 18.8 "" "" "" "" "" "" "" "" 0.24725
HYDRA-0045 iDR3.HYDRA-0045.088870 159.61754062520558 -27.593950989725744 1.925082 44 3.604178 15.211161 12.0 0 0.9818667 20.999538 20.728287 20.454653 19.83236 19.464018 19.153252 18.807634 18.490242 18.12889 18.18407 17.765335 18.005411 0.11843544 0.15218407 0.20111962 0.09470192 0.072636895 0.017107971 0.034838766 0.011349959 0.010624843 0.010043573 0.015135481 0.01569785 "CRTS J103828.2-273537" 159.6175139563 -27.5939561785 0.0 0.0 90.0 1 "10 38 28.20335" "-27 35 38.2422" A 2018yCat.1345....0G EB* *|EB*|IR "" "" "" "" "" "" 0.3999 0.1953 -9.999 1.436 0.399 0.291 90.0 "" "" "" "" "" "" 16.442 16.026 "" "" "" "" "" "" 0.087114
SPLUS-s35s45 iDR3.SPLUS-s35s45.012978 322.8730471709395 -45.697352338099286 2.785037 29 4.762204 15.237763 12.0 0 0.8757218 19.253197 19.066833 19.257523 19.25464 19.099625 19.19132 19.148045 18.777447 18.468306 18.757713 18.647179 18.84089 0.03236467 0.04142432 0.07337219 0.0670319 0.06202737 0.025440065 0.0536278 0.019227397 0.017996818 0.025438901 0.062031195 0.093191184 "LBQS 2128-4555" 322.8730381167 -45.6973733151 0.0 0.0 90.0 8 "21 31 29.52915" "-45 41 50.5439" A 2020yCat.1350....0G QSO *|QSO 134805.217 1498.962 0.623 0.005 "" "" 0.3792 0.2067 -0.024 -0.089 0.166 0.159 90.0 "" "" "" "" 18.4 "" "" "" "" "" "" "" "" "" 0.078874
SPLUS-s26s14 iDR3.SPLUS-s26s14.014338 20.46746328553068 -33.937725015878605 2.1387625 39 3.8390799 14.640712 12.0 0 0.96845853 19.6517 19.587687 19.566761 19.7051 19.782648 19.545425 19.526575 18.848856 18.366352 18.34319 18.171692 18.04321 0.044338748 0.06640741 0.10514387 0.10169698 0.10320642 0.030278511 0.06478718 0.018026674 0.015802473 0.015058828 0.02854872 0.019073777 "[HB93] 0119-341B" 20.4674240418 -33.9377556963 0.0 0.0 90.0 7 "01 21 52.18177" "-33 56 15.9205" A 2020yCat.1350....0G Star *|IR|QSO "" "" "" "" "" "" 0.723 0.2024 21.872 1.874 0.176 0.184 90.0 "" "" "" 21.0 "" 19.8 "" "" "" "" "" "" "" "" 0.161051
SPLUS-s24s25 iDR3.SPLUS-s24s25.000273 36.90951623742346 -31.607345845404307 3.3296733 37 4.2144284 15.473634 12.0 0 0.80544925 19.017975 18.937683 19.16633 19.189753 19.084156 19.18018 19.06134 18.692463 18.329895 18.705946 18.767004 18.800838 0.031197898 0.046737798 0.0845524 0.0818299 0.07196603 0.029181711 0.05480055 0.017902317 0.015636045 0.02160586 0.051776852 0.039899588 "[VV2006] J022738.3-313627" 36.9095629303 -31.6074249886 0.0 0.0 90.0 6 "02 27 38.29510" "-31 36 26.7300" A 2020yCat.1350....0G QSO *|IR|QSO|Rad 207866.829 "" 1.35 "" "" "" 0.1075 0.2052 -0.127 -0.215 0.189 0.158 90.0 "" "" "" "" 18.89 "" "" "" "" "" "" "" "" "" 0.31886
SPLUS-s23s32 iDR3.SPLUS-s23s32.003514 332.45263484436884 -30.23217545253064 2.307068 44 4.234252 15.194591 12.0 0 0.99747425 19.03305 18.944643 18.835907 18.722084 18.6156 18.613972 18.475788 18.755932 18.301523 18.937124 19.090885 19.215652 0.027776519 0.04066094 0.061662465 0.051200934 0.045985423 0.017209278 0.033806365 0.017933391 0.014920332 0.024526699 0.057967026 0.053448893 "2QZ J220948.6-301357" 332.4526449728 -30.2323004982 0.0 0.0 90.0 3 "22 09 48.63479" "-30 13 56.2818" A 2020yCat.1350....0G WD* *|Q?|UV|WD*|WD? "" "" "" "" DA "" 4.0464 0.185 6.093 17.114 0.199 0.173 90.0 "" "" "" 18.1 "" 17.9 "" "" "" "" "" "" "" "" 0.451265
