Star-v5/Halpha-DR3_PStotal-STAR_total-clean-Final-hdbscan-group0.ecsv
# %ECSV 1.0
# ---
# datatype:
# - {name: Field, datatype: string}
# - {name: ID, datatype: string}
# - {name: RA, datatype: float64}
# - {name: DEC, datatype: float64}
# - {name: FWHM, datatype: float32}
# - {name: ISOarea, datatype: int32}
# - {name: KRON_RADIUS, datatype: float32}
# - {name: MU_MAX, datatype: float32}
# - {name: nDet_PStotal, datatype: float32}
# - {name: PhotoFlagDet, datatype: int16}
# - {name: CLASS_STAR, datatype: float32}
# - {name: u_PStotal, datatype: float32}
# - {name: J0378_PStotal, datatype: float32}
# - {name: J0395_PStotal, datatype: float32}
# - {name: J0410_PStotal, datatype: float32}
# - {name: J0430_PStotal, datatype: float32}
# - {name: g_PStotal, datatype: float32}
# - {name: J0515_PStotal, datatype: float32}
# - {name: r_PStotal, datatype: float32}
# - {name: J0660_PStotal, datatype: float32}
# - {name: i_PStotal, datatype: float32}
# - {name: J0861_PStotal, datatype: float32}
# - {name: z_PStotal, datatype: float32}
# - {name: e_u_PStotal, datatype: float32}
# - {name: e_J0378_PStotal, datatype: float32}
# - {name: e_J0395_PStotal, datatype: float32}
# - {name: e_J0410_PStotal, datatype: float32}
# - {name: e_J0430_PStotal, datatype: float32}
# - {name: e_g_PStotal, datatype: float32}
# - {name: e_J0515_PStotal, datatype: float32}
# - {name: e_r_PStotal, datatype: float32}
# - {name: e_J0660_PStotal, datatype: float32}
# - {name: e_i_PStotal, datatype: float32}
# - {name: e_J0861_PStotal, datatype: float32}
# - {name: e_z_PStotal, datatype: float32}
# - {name: Label, datatype: int64}
# - {name: P(Blue), datatype: float64}
# - {name: P(Red), datatype: float64}
# meta: !!omap
# - {TCOMM1: description}
# - {TCOMM2: description}
# - {TCOMM3: description}
# - {TCOMM4: description}
# - {TCOMM5: description}
# - {TCOMM6: description}
# - {TCOMM7: description}
# - {TCOMM8: description}
# - {TCOMM9: description}
# - {TCOMM10: description}
# - {TCOMM11: description}
# - {TCOMM12: description}
# - {TCOMM13: description}
# - {TCOMM14: description}
# - {TCOMM15: description}
# - {TCOMM16: description}
# - {TCOMM17: description}
# - {TCOMM18: description}
# - {TCOMM19: description}
# - {TCOMM20: description}
# - {TCOMM21: description}
# - {TCOMM22: description}
# - {TCOMM23: description}
# - {TCOMM24: description}
# - {TCOMM25: description}
# - {TCOMM26: description}
# - {TCOMM27: description}
# - {TCOMM28: description}
# - {TCOMM29: description}
# - {TCOMM30: description}
# - {TCOMM31: description}
# - {TCOMM32: description}
# - {TCOMM33: description}
# - {TCOMM34: description}
# - {TCOMM35: description}
# - {DATE-HDU: '2022-08-03T03:18:20'}
# - {STILVERS: 3.3-2}
# - {STILCLAS: uk.ac.starlink.fits.FitsTableWriter}
# schema: astropy-2.0
Field ID RA DEC FWHM ISOarea KRON_RADIUS MU_MAX nDet_PStotal PhotoFlagDet CLASS_STAR u_PStotal J0378_PStotal J0395_PStotal J0410_PStotal J0430_PStotal g_PStotal J0515_PStotal r_PStotal J0660_PStotal i_PStotal J0861_PStotal z_PStotal e_u_PStotal e_J0378_PStotal e_J0395_PStotal e_J0410_PStotal e_J0430_PStotal e_g_PStotal e_J0515_PStotal e_r_PStotal e_J0660_PStotal e_i_PStotal e_J0861_PStotal e_z_PStotal Label P(Blue) P(Red)
[from data line 79]
SPLUS-s24s57 iDR3.SPLUS-s24s57.024608 328.33210357708106 -31.11631611706396 3.888098 52 4.49659 16.188501 12.0 0 0.6675326 22.866125 21.466576 21.566868 20.993011 21.007751 20.75882 20.435358 19.46494 18.644596 19.041904 18.626781 18.574203 0.766026 0.35658604 0.81701636 0.35375705 0.3355327 0.0824994 0.15094967 0.031420007 0.019548511 0.030466594 0.0411137 0.035465077 0 0.039194528610835784 0.750004434588012
HYDRA-0103 iDR3.HYDRA-0103.099132 151.06034074688228 -37.14179677531026 3.82616 31 3.8902276 17.065649 11.0 0 0.9405922 23.610188 20.640572 99.0 21.473331 21.002954 20.621773 19.935612 19.478533 18.99711 19.015697 18.536953 18.495716 2.8648107 0.26676428 20.662615 0.74705416 0.4464749 0.09835324 0.14302255 0.034738746 0.028931674 0.03431222 0.049738668 0.04134803 0 0.03416678847022971 0.885247254612038
HYDRA-0054 iDR3.HYDRA-0054.042616 158.19225171525824 -29.54676610006816 2.1928074 35 4.191975 15.637406 12.0 0 0.97471035 23.110706 23.959118 22.960676 21.653925 21.575867 20.90927 20.812103 19.760363 19.21225 19.194202 18.92865 18.874155 0.5272027 1.7286994 1.1663132 0.2755061 0.24615175 0.047728047 0.101093374 0.020979991 0.016023617 0.017813113 0.03102796 0.02486673 0 4.646416017410923e-309 1.0
SPLUS-s03s01 iDR3.SPLUS-s03s01.044954 324.28444292799537 -2.4338047133492187 2.164747 20 3.7777834 15.283695 10.0 0 0.9648972 22.53525 99.0 99.0 22.075855 22.431269 20.980804 20.85626 19.611383 18.725288 18.909578 18.594254 18.542122 0.54017204 21.87782 21.316473 0.823329 1.0705996 0.09785338 0.19937591 0.033389576 0.019887209 0.02715776 0.04659198 0.037061952 0 0.10964924741884581 0.6434536837664016
SPLUS-s24s40 iDR3.SPLUS-s24s40.005765 61.461089602803966 -31.447032900319133 3.2084172 27 3.836347 15.951558 12.0 0 0.95067173 22.108547 24.884935 21.678167 22.015749 22.06752 20.759087 20.76232 19.696424 18.98381 19.142857 18.86885 18.804344 0.52673256 10.507817 0.86070395 1.1588014 1.142186 0.13747612 0.27287564 0.04534152 0.02804309 0.03492033 0.05136346 0.04484048 0 0.035859162807175486 0.7489745324303065
SPLUS-n01s38 iDR3.SPLUS-n01s38.018570 201.0940061290668 -0.16531414648625486 4.305256 40 4.046748 16.48492 12.0 0 0.79241395 22.83617 22.09179 23.48785 21.807455 22.014816 20.932205 20.665813 19.593452 18.87077 19.20634 18.821562 18.843388 0.6641316 0.560335 3.3947933 0.6612991 0.78970796 0.101623476 0.17087388 0.0343472 0.023278551 0.034521006 0.059295524 0.049378403 0 0.06952867003843578 0.6741953820507588
STRIPE82-0121 iDR3.STRIPE82-0121.048110 324.41420077109336 0.03023036744523013 2.3733413 21 1.834375 16.473053 9.0 0 0.9551368 99.0 99.0 99.0 21.190987 20.630133 20.882126 20.51579 19.683186 18.817888 18.911322 19.084335 18.683624 21.995962 21.99482 20.820658 0.540844 0.29904947 0.10283354 0.18819061 0.050638456 0.023097197 0.02898777 0.06911312 0.04212321 0 0.03682364102092331 0.8172241450461192
STRIPE82-0123 iDR3.STRIPE82-0123.000806 326.4895360352319 -1.3606064021763846 6.0959473 46 5.5304666 17.449997 12.0 0 0.7867788 21.6196 23.191692 22.406971 21.512142 21.200764 20.869766 20.55183 19.658253 19.14647 19.32278 18.767738 18.848175 0.38878378 2.122864 1.7102531 0.67307013 0.41917896 0.117392175 0.19867803 0.042363133 0.028729428 0.04223165 0.048135232 0.046500057 0 4.582050629779977e-309 1.0
STRIPE82-0087 iDR3.STRIPE82-0087.159366 300.82744046318885 -0.05199965839411034 3.3415673 31 3.5014393 17.229956 9.0 0 0.94264436 99.0 99.0 99.0 20.887974 21.435604 20.712738 20.545155 19.672628 19.15605 19.189137 19.037827 18.977182 22.285767 21.3679 20.978617 0.31274214 0.47499546 0.07278945 0.17346679 0.034328427 0.029419968 0.03116718 0.055574898 0.046254773 0 5.90529395110834e-309 1.0
STRIPE82-0087 iDR3.STRIPE82-0087.122514 300.70399106684516 -0.2993999949360969 3.092426 30 4.7176743 17.073734 10.0 0 0.95988774 99.0 24.855692 99.0 21.040632 21.409882 20.978785 21.033535 19.717379 18.4526 19.105488 18.936005 18.84751 22.285767 11.722689 20.978617 0.35464138 0.45856333 0.09068731 0.26531 0.035583835 0.016966835 0.028732054 0.050578374 0.040998437 0 0.019852687513903386 0.9701323172737746
STRIPE82-0087 iDR3.STRIPE82-0087.146114 301.0689475760906 -0.09100797046803419 3.095811 29 2.5161648 17.034714 11.0 0 0.95263726 99.0 23.220858 23.992414 21.148756 21.6343 20.769598 20.549576 19.55881 19.059765 19.05683 18.867506 18.865477 22.285767 2.5295682 7.3550677 0.39057782 0.56144774 0.075514406 0.17194027 0.030739661 0.026810136 0.027575653 0.047572806 0.04155947 0 0.02410591262695853 0.7973725006602441
STRIPE82-0044 iDR3.STRIPE82-0044.019857 30.105854148548683 0.4879895823228443 3.1432817 38 5.325379 16.658283 12.0 0 0.70485145 22.066343 21.583385 21.228352 21.290073 21.281475 20.718632 20.559332 19.598461 19.004011 19.1067 18.577652 18.663666 0.41359785 0.46707 0.56531245 0.46541786 0.41860533 0.07149154 0.18647467 0.033803243 0.026435224 0.029344821 0.062314056 0.036704674 0 0.022456072577420275 0.8449722323969353
STRIPE82-0151 iDR3.STRIPE82-0151.008137 346.1942578897968 -1.1895725197417075 2.6178262 26 3.164282 16.89012 12.0 0 0.9821323 21.913364 21.431993 21.584799 21.417526 21.467716 20.796225 20.31014 19.712496 18.626907 19.54901 18.803055 18.994568 0.3621958 0.41091615 0.6855928 0.46170503 0.462643 0.08133568 0.14182736 0.037621155 0.018967884 0.04183684 0.056548372 0.04837678 0 5.52509749283363e-309 1.0
STRIPE82-0097 iDR3.STRIPE82-0097.068416 307.61059154064606 -0.6226333157938498 2.372175 37 3.5473566 15.73933 12.0 0 0.73549616 22.140553 22.263721 22.315798 21.712353 21.70288 20.869783 20.53063 19.708618 19.104424 19.335842 18.709131 18.777628 0.38404214 0.61020815 0.9898996 0.48231044 0.48736632 0.082133174 0.14318837 0.036592256 0.024839731 0.034467127 0.042200856 0.038256157 0 4.471358444520028e-309 1.0
STRIPE82-0162 iDR3.STRIPE82-0162.014992 353.5365748057584 0.45126632200225286 1.9939876 18 3.9304986 16.060453 12.0 0 0.9995218 21.985897 22.320621 23.57478 21.814453 21.74181 20.902634 20.69484 19.61916 18.813631 18.74321 17.926573 18.354015 0.5916474 1.0161353 4.700911 0.8260514 0.7108875 0.14277616 0.24259286 0.04143262 0.023641422 0.028158933 0.024179677 0.027233701 0 0.1388462421000464 0.582010531460732
SPLUS-s23s10 iDR3.SPLUS-s23s10.003346 14.687054637710478 -30.206213310701298 3.0056102 36 5.270322 16.15545 12.0 0 0.87500745 22.625713 21.710354 21.632042 22.013754 21.254082 20.957317 20.663633 19.629927 19.060707 19.235825 18.851368 18.830284 0.5055717 0.40814176 0.78072804 0.8352032 0.41312698 0.102555014 0.19261484 0.034283876 0.025560787 0.035318144 0.059704617 0.044923875 0 0.05586781455477003 0.7468217547969228
SPLUS-n15s21 iDR3.SPLUS-n15s21.034512 178.7775274416123 -18.797325631822982 4.0671225 41 3.509383 16.330336 12.0 0 0.7815231 21.962957 21.435432 24.37649 21.057293 21.656834 20.794397 20.416824 19.699913 19.073433 19.219454 18.817318 18.86029 0.2941568 0.32259414 8.354874 0.35108316 0.58954394 0.08718174 0.1503971 0.034820113 0.024705175 0.03132102 0.054505855 0.03908562 0 5.037923636577867e-309 1.0
SPLUS-n12s27 iDR3.SPLUS-n12s27.017169 187.77842356777106 -15.12102087626244 3.4613118 22 2.7721367 16.058094 12.0 0 0.50668263 21.218739 20.708138 21.505018 21.909622 20.484758 20.762867 20.17315 19.632927 19.039427 19.343903 18.611622 18.987389 0.28950566 0.27954775 0.85737306 1.2902166 0.35273015 0.18255676 0.21058078 0.05650072 0.040632293 0.048970487 0.058690432 0.05722382 0 0.03238754365359354 0.8912140322653671
HYDRA-0044 iDR3.HYDRA-0044.008977 157.65654349925984 -28.597032609214097 2.6650805 24 5.539508 16.51572 12.0 0 0.8892537 24.7461 21.700928 21.58394 21.165718 22.531788 20.748041 20.224354 19.646706 19.080168 19.018667 18.782404 18.726141 5.034088 0.55262125 0.84658635 0.5332626 1.7981467 0.099951066 0.1917382 0.041524306 0.04013107 0.03380429 0.06763709 0.045925025 0 0.036503740452558504 0.928899459416399
SPLUS-s26s38 iDR3.SPLUS-s26s38.046933 60.33082269990064 -32.87635440036846 3.6113708 29 5.347454 16.615005 12.0 0 0.8977535 22.426117 21.738663 21.980692 22.8337 22.904713 21.115112 20.798754 19.98238 19.281178 19.67594 19.24667 19.334654 0.3900684 0.3536367 0.7516295 1.4052116 1.5114022 0.101563774 0.18115893 0.038866602 0.027152747 0.04567625 0.071287036 0.07003076 0 0.029099515934068943 0.9135047009151761
STRIPE82-0083 iDR3.STRIPE82-0083.027096 57.77028133417981 -0.5462868202155821 2.7556014 21 4.6017327 17.020803 11.0 0 0.7787115 99.0 22.202318 21.698334 21.88924 20.914495 20.929474 20.612247 19.786976 19.233932 19.279957 18.978119 18.976618 22.02939 0.5405252 0.52961534 0.53266656 0.25866908 0.11515431 0.13395458 0.048670936 0.025162691 0.03875757 0.047569603 0.057326254 0 4.89820603887186e-309 1.0
STRIPE82-0087 iDR3.STRIPE82-0087.060298 300.7805002309601 -0.8440518996924041 3.0202208 26 5.4703608 17.327414 11.0 0 0.88556963 22.94244 99.0 22.101149 22.590597 21.468353 21.003931 21.369099 19.875605 19.36511 19.461662 19.236988 19.108353 0.8833175 21.3679 1.3347235 1.4662347 0.48708168 0.09335168 0.36175773 0.040821806 0.03498753 0.0389396 0.06586488 0.051756095 0 5.10152048826681e-309 1.0
STRIPE82-0087 iDR3.STRIPE82-0087.146398 300.62815680210974 -0.08844635601453506 3.2309577 31 4.345014 17.267458 9.0 0 0.8697846 99.0 22.30763 99.0 99.0 24.594053 21.194992 21.058067 19.996122 18.633507 19.315777 19.105227 19.063627 22.285767 1.1311221 20.978617 21.355217 8.495712 0.10993022 0.27193567 0.04516027 0.01949739 0.034585238 0.058913343 0.049919937 0 4.32812324156998e-309 1.0
SPLUS-s26s13 iDR3.SPLUS-s26s13.014089 19.78730492732813 -33.93702147366575 4.1014714 39 5.3509126 16.73191 12.0 0 0.86028934 21.846466 21.513683 22.230505 22.002872 22.13747 21.085705 20.972181 19.87918 19.326185 19.493507 18.641495 18.972345 0.23902722 0.30572367 0.99418044 0.73969674 0.81143254 0.10938554 0.22732002 0.04228842 0.03562214 0.041520968 0.046565086 0.04764525 0 4.36386425601204e-309 1.0
SPLUS-s25s51 iDR3.SPLUS-s25s51.043106 318.3527986898936 -32.09995741688721 3.3929036 32 3.8388603 16.492435 11.0 0 0.5289994 22.407131 99.0 22.186779 21.865856 21.640942 21.181084 21.33118 19.977745 19.301804 19.55972 19.082325 19.187963 0.4438752 22.026024 0.88969326 0.5807467 0.45900267 0.10817885 0.28972957 0.041392148 0.029651204 0.039343815 0.059273884 0.051878836 0 4.66851981819833e-309 1.0
HYDRA-0142 iDR3.HYDRA-0142.078936 160.5627058504994 -43.07531804926888 2.588508 17 2.9848924 15.962075 12.0 0 0.97122777 21.458967 22.06918 20.88798 21.506039 21.498585 21.024895 20.634155 19.931494 19.233198 19.375282 18.997463 19.069626 0.20533733 0.52062684 0.2964514 0.44448945 0.42679107 0.09667123 0.1549211 0.04042141 0.029753365 0.038966205 0.0646972 0.057886798 0 4.96732325157793e-309 1.0
SPLUS-n13s33 iDR3.SPLUS-n13s33.025015 195.59013239796403 -16.30201577893939 2.9155 58 3.761841 14.662679 12.0 2 0.98259497 21.207066 21.353477 21.669468 20.876062 20.180231 19.190838 19.120312 18.122028 17.398403 17.638975 17.45865 17.384466 0.19521566 0.37315893 0.88724244 0.34812838 0.18304378 0.029081492 0.061144654 0.013258399 0.01003456 0.010728359 0.01847965 0.01337321 0 5.54672268443944e-309 1.0
SPLUS-n07s39 iDR3.SPLUS-n07s39.011801 203.29834345052214 -8.498811145121582 3.8561354 51 3.1105452 13.866752 12.0 2 0.9552452 21.268845 21.030422 20.407316 19.774689 19.48408 19.04787 18.75217 18.000547 17.536152 17.518631 17.116493 17.263855 0.21373735 0.27744055 0.2718249 0.15036081 0.11573163 0.030919597 0.0498569 0.012534916 0.011279981 0.010487075 0.015938709 0.013496741 0 5.68675361838706e-309 1.0
SPLUS-s23s18 iDR3.SPLUS-s23s18.043856 26.840891305830887 -29.20834631130125 3.1046078 38 5.2048283 16.19065 12.0 2 0.92657286 21.728247 21.929686 21.2584 21.236397 21.146984 20.863232 20.346027 19.533882 18.74651 19.260386 18.670052 18.750885 0.23068033 0.49144855 0.48159787 0.42565843 0.35912555 0.09031042 0.13868557 0.030148882 0.019844174 0.03139576 0.043449372 0.036069583 0 0.05736410583133267 0.7028832950964553
SPLUS-n11s33 iDR3.SPLUS-n11s33.005439 193.91349894663676 -14.10622534099066 4.0699964 40 4.776091 16.592989 12.0 2 0.92713934 22.213593 22.097162 21.569746 23.004238 20.963024 20.91857 21.366617 19.58823 18.463932 19.370943 18.582232 18.773483 0.35394734 0.51778954 0.57513505 1.9488107 0.3275138 0.12056361 0.37527126 0.038827248 0.0195769 0.03824645 0.049830053 0.041849013 0 0.05536491893293124 0.7128294498795467
SPLUS-s24s41 iDR3.SPLUS-s24s41.022910 63.28673508740715 -30.932835215830448 3.6829977 29 4.268606 16.808489 12.0 0 0.79413414 22.309095 23.01411 21.960224 22.869755 22.249365 21.276432 20.733097 20.033823 18.722076 19.854 18.899137 19.049553 0.37682104 1.2386347 0.7705269 1.421564 0.8135984 0.10918264 0.16884112 0.044858918 0.020500807 0.055806074 0.05251287 0.055871893 0 0.03980270931677237 0.7861658993993503
SPLUS-s29s38 iDR3.SPLUS-s29s38.023473 62.283112402272515 -37.585745697504954 3.0258532 20 4.178324 16.440693 12.0 0 0.85223144 23.473953 22.367327 22.417906 22.189705 21.388256 21.303331 20.923199 20.049713 19.363094 19.645067 19.268051 19.307663 1.4184318 0.8226292 1.5239848 1.1525531 0.54908425 0.17577268 0.27335286 0.051051337 0.03359348 0.047726203 0.079258405 0.066348135 0 0.047416945773343336 0.7520880274576518
STRIPE82-0087 iDR3.STRIPE82-0087.003400 301.09195777675205 -1.3434741031860689 3.129441 21 1.82 17.489784 11.0 0 0.71570414 23.954386 21.38379 99.0 21.847301 22.097845 21.199728 22.309677 20.043703 18.211714 19.52545 19.334137 19.381721 2.138111 0.46784675 20.978617 0.75973856 0.8831595 0.11330407 0.87078726 0.046177763 0.014012601 0.041459695 0.072757706 0.06701466 0 5.2508884307288e-309 1.0
STRIPE82-0087 iDR3.STRIPE82-0087.052879 300.6291155890626 -0.9068918728896107 3.225752 25 5.083515 17.313614 11.0 0 0.9483756 23.98077 99.0 21.691322 22.054193 21.531376 21.349571 21.55455 20.107038 19.030966 19.348421 19.162306 19.004496 2.297798 21.3679 0.9215263 0.89256096 0.5129438 0.12594844 0.42565143 0.049915064 0.02674169 0.035279464 0.06157763 0.04710422 0 0.0883275429772189 0.6877125983018945
SPLUS-s26s51 iDR3.SPLUS-s26s51.048056 321.70082633926825 -32.90924757393808 2.7992265 25 4.3929896 16.404016 9.0 0 0.83424133 99.0 99.0 99.0 21.294024 21.946404 21.306612 20.953236 20.065023 17.789902 19.50462 19.4067 19.256138 22.43722 21.741283 21.151674 0.5234088 0.7208942 0.1447493 0.24245612 0.050898694 0.012119877 0.04035128 0.077843755 0.05732866 0 4.45648262306591e-309 1.0
HYDRA-0112 iDR3.HYDRA-0112.037117 149.34026591062715 -39.36308656170222 2.285141 15 2.6887481 16.643864 12.0 0 0.9596842 23.918869 23.61006 21.900015 21.846756 21.575186 21.310036 21.400866 20.006353 19.205591 19.256422 19.23431 18.934608 2.746499 3.428066 1.2240298 0.87663984 0.6319129 0.13747369 0.45818496 0.047136046 0.03429977 0.037649017 0.0864114 0.055450425 0 0.09678154481045781 0.7572662412565846
SPLUS-s13s46 iDR3.SPLUS-s13s46.062230 347.5388156961658 -15.545569336677913 2.5578551 24 6.101519 16.474207 12.0 0 0.9208793 21.698608 21.742945 21.5908 22.17461 21.475262 21.265556 20.675364 20.133316 18.858662 20.014088 19.159151 19.501057 0.23419447 0.36233518 0.5545396 0.7208553 0.38783053 0.10467522 0.14916696 0.043697104 0.024389826 0.05513569 0.06082673 0.06929091 0 0.034972012305266954 0.7778140083364207
STRIPE82-0113 iDR3.STRIPE82-0113.001833 319.19960702683625 -1.349020329092956 3.1570961 21 4.005745 17.325125 12.0 0 0.90744036 23.588654 22.412197 21.18388 21.356873 21.686874 21.28783 20.947578 20.131746 19.36368 19.695312 19.101852 19.230988 1.7195699 0.90392417 0.4928472 0.46332613 0.60032445 0.12452086 0.26362005 0.05038962 0.03273402 0.04548746 0.061091624 0.05376377 0 4.57550704921745e-309 1.0
