Star-v5/Halpha-DR3_PStotal-STAR_total-clean-Final-hdbscan-group1.ecsv
# %ECSV 1.0
# ---
# datatype:
# - {name: Field, datatype: string}
# - {name: ID, datatype: string}
# - {name: RA, datatype: float64}
# - {name: DEC, datatype: float64}
# - {name: FWHM, datatype: float32}
# - {name: ISOarea, datatype: int32}
# - {name: KRON_RADIUS, datatype: float32}
# - {name: MU_MAX, datatype: float32}
# - {name: nDet_PStotal, datatype: float32}
# - {name: PhotoFlagDet, datatype: int16}
# - {name: CLASS_STAR, datatype: float32}
# - {name: u_PStotal, datatype: float32}
# - {name: J0378_PStotal, datatype: float32}
# - {name: J0395_PStotal, datatype: float32}
# - {name: J0410_PStotal, datatype: float32}
# - {name: J0430_PStotal, datatype: float32}
# - {name: g_PStotal, datatype: float32}
# - {name: J0515_PStotal, datatype: float32}
# - {name: r_PStotal, datatype: float32}
# - {name: J0660_PStotal, datatype: float32}
# - {name: i_PStotal, datatype: float32}
# - {name: J0861_PStotal, datatype: float32}
# - {name: z_PStotal, datatype: float32}
# - {name: e_u_PStotal, datatype: float32}
# - {name: e_J0378_PStotal, datatype: float32}
# - {name: e_J0395_PStotal, datatype: float32}
# - {name: e_J0410_PStotal, datatype: float32}
# - {name: e_J0430_PStotal, datatype: float32}
# - {name: e_g_PStotal, datatype: float32}
# - {name: e_J0515_PStotal, datatype: float32}
# - {name: e_r_PStotal, datatype: float32}
# - {name: e_J0660_PStotal, datatype: float32}
# - {name: e_i_PStotal, datatype: float32}
# - {name: e_J0861_PStotal, datatype: float32}
# - {name: e_z_PStotal, datatype: float32}
# - {name: Label, datatype: int64}
# - {name: P(Blue), datatype: float64}
# - {name: P(Red), datatype: float64}
# meta: !!omap
# - {TCOMM1: description}
# - {TCOMM2: description}
# - {TCOMM3: description}
# - {TCOMM4: description}
# - {TCOMM5: description}
# - {TCOMM6: description}
# - {TCOMM7: description}
# - {TCOMM8: description}
# - {TCOMM9: description}
# - {TCOMM10: description}
# - {TCOMM11: description}
# - {TCOMM12: description}
# - {TCOMM13: description}
# - {TCOMM14: description}
# - {TCOMM15: description}
# - {TCOMM16: description}
# - {TCOMM17: description}
# - {TCOMM18: description}
# - {TCOMM19: description}
# - {TCOMM20: description}
# - {TCOMM21: description}
# - {TCOMM22: description}
# - {TCOMM23: description}
# - {TCOMM24: description}
# - {TCOMM25: description}
# - {TCOMM26: description}
# - {TCOMM27: description}
# - {TCOMM28: description}
# - {TCOMM29: description}
# - {TCOMM30: description}
# - {TCOMM31: description}
# - {TCOMM32: description}
# - {TCOMM33: description}
# - {TCOMM34: description}
# - {TCOMM35: description}
# - {DATE-HDU: '2022-08-03T03:18:20'}
# - {STILVERS: 3.3-2}
# - {STILCLAS: uk.ac.starlink.fits.FitsTableWriter}
# schema: astropy-2.0
Field ID RA DEC FWHM ISOarea KRON_RADIUS MU_MAX nDet_PStotal PhotoFlagDet CLASS_STAR u_PStotal J0378_PStotal J0395_PStotal J0410_PStotal J0430_PStotal g_PStotal J0515_PStotal r_PStotal J0660_PStotal i_PStotal J0861_PStotal z_PStotal e_u_PStotal e_J0378_PStotal e_J0395_PStotal e_J0410_PStotal e_J0430_PStotal e_g_PStotal e_J0515_PStotal e_r_PStotal e_J0660_PStotal e_i_PStotal e_J0861_PStotal e_z_PStotal Label P(Blue) P(Red)
[from data line 1070]
SPLUS-s27s11 iDR3.SPLUS-s27s11.014677 16.774247093985554 -35.266528284638554 3.4298434 96 7.5401735 15.411998 12.0 3 0.9886819 19.408497 19.295198 19.28746 19.442295 19.202585 19.217293 19.231682 18.987 18.590702 18.913853 18.98522 19.1367 0.03723202 0.050583046 0.102473356 0.08514847 0.06390858 0.023218345 0.052842237 0.021104228 0.019836348 0.022622686 0.057791572 0.048226077 1 0.6910308557418778 0.044046690265037346
SPLUS-s26s51 iDR3.SPLUS-s26s51.041570 321.0849784425063 -33.30318212389086 2.9289157 51 4.091103 15.562013 12.0 3 0.92625934 19.63843 19.20505 19.321697 19.372217 19.339924 19.418388 19.338253 19.020853 18.693913 18.920528 18.745907 18.39011 0.048818085 0.06051064 0.10473629 0.10137521 0.07797697 0.03136713 0.06372393 0.022925597 0.022149013 0.025125884 0.04490857 0.02768471 1 0.302795647985439 0.1482312048150784
SPLUS-n05s43 iDR3.SPLUS-n05s43.023862 207.35642962824295 -5.494470213555381 2.586184 27 4.4834914 15.448228 12.0 2 0.971871 21.267387 21.36967 20.508656 20.219578 19.856123 19.25523 18.802336 18.96174 18.406452 18.700161 18.703276 18.68351 0.18876858 0.3500156 0.31469846 0.21303864 0.17419334 0.035308372 0.059349183 0.029473703 0.020653445 0.028580112 0.06653591 0.04985497 1 0.5595346368705458 0.058826417211344316
SPLUS-n12s31 iDR3.SPLUS-n12s31.060961 192.6600960078216 -14.475212314890944 2.2080066 72 4.0315742 15.049777 12.0 3 0.8634046 19.425594 19.235588 19.352747 19.315123 19.25455 19.277594 19.232697 19.032845 18.659864 18.950466 18.072952 18.427078 0.03181397 0.039885085 0.06763119 0.057855383 0.05332305 0.021178689 0.04265824 0.017068382 0.014862629 0.018907215 0.021434989 0.020754242 1 0.462801818381684 0.1841001733646182
HYDRA-0084 iDR3.HYDRA-0084.017170 162.69421876017773 -33.989977680389714 2.3564258 30 5.3266788 15.8830385 12.0 3 0.99872744 22.06947 23.120377 20.34083 20.09858 20.08527 19.269554 18.191418 18.914062 18.406904 18.757393 18.621704 18.617077 0.6142286 2.512945 0.31324187 0.23057856 0.21200942 0.038735606 0.034725983 0.026038244 0.020675756 0.02565998 0.04957665 0.03797762 1 0.6716658890206072 0.06872930905007178
HYDRA-0044 iDR3.HYDRA-0044.014412 158.32274830618536 -28.484242174665116 2.0002258 33 4.7245903 15.93767 12.0 3 0.99855137 19.119091 19.087414 19.018566 19.095612 19.10068 19.142376 19.275883 19.04469 18.526527 18.827776 18.508848 18.595238 0.035981543 0.057938006 0.08933058 0.08704296 0.08459861 0.027091995 0.08478201 0.025529047 0.025550403 0.028881382 0.0534551 0.04105275 1 0.3327091465112207 0.11045288639663634
HYDRA-0095 iDR3.HYDRA-0095.008721 151.44263652418613 -36.89055754799456 2.4313333 17 3.7362843 17.09805 12.0 2 0.96326834 19.07993 18.829361 18.954727 19.173811 19.204031 19.409023 19.275745 18.989893 18.425251 19.130901 18.962597 18.841228 0.086526215 0.07702569 0.1317087 0.12509099 0.11443892 0.055336114 0.09481266 0.0368076 0.022583388 0.05780463 0.092010714 0.08764053 1 0.9789688669421069 0.021031133057893028
STRIPE82-0104 iDR3.STRIPE82-0104.019279 312.2956269426095 0.265970422493022 2.9393086 34 3.488693 15.151364 12.0 2 0.9614095 19.502487 19.061068 19.341244 19.278011 19.250103 19.313698 19.226181 19.150463 18.682114 19.136436 19.006105 18.506887 0.043279137 0.0632835 0.09152779 0.074472755 0.069321156 0.024908748 0.052201852 0.024452522 0.021263767 0.03420152 0.07348709 0.04013572 1 0.2780915113815764 0.13397386699459873
STRIPE82-0151 iDR3.STRIPE82-0151.054324 345.8183544369748 -0.20316870490727099 3.1790867 32 4.657728 16.557827 12.0 2 0.8767477 19.699047 19.798336 19.909426 19.579155 19.719006 19.383873 19.427576 19.302368 19.07724 19.60501 18.90347 19.131224 0.056618117 0.10426398 0.16401213 0.09399071 0.10131218 0.026683522 0.06837051 0.027823659 0.026848584 0.044584084 0.062337928 0.055123985 1 0.3562097513375622 0.06167177795533842
SPLUS-n06s03 iDR3.SPLUS-n06s03.009456 152.88292009707868 -7.261936696507069 2.421407 28 4.810348 15.626794 12.0 2 0.97672087 19.75887 19.582195 19.94991 19.778286 19.641354 19.683554 19.5742 19.29999 18.980072 19.272148 19.403097 19.404493 0.048046306 0.06515431 0.13786817 0.10852329 0.09212988 0.03519575 0.07007942 0.025833141 0.023678692 0.031934887 0.08130981 0.06452121 1 0.7251872063185596 0.04478628575717437
SPLUS-n02s22 iDR3.SPLUS-n02s22.013472 179.8478669187984 -1.7228572218896734 2.4775934 37 4.534138 15.559664 12.0 2 0.9963897 20.42714 20.138456 20.170609 20.19209 19.98906 19.815832 19.84307 19.157171 18.689796 19.061827 18.059546 18.483662 0.092333056 0.10954577 0.1732054 0.15684839 0.12308583 0.04009271 0.08795339 0.025169333 0.024125105 0.031004341 0.028220074 0.03448932 1 0.19596920660766953 0.20231186945355262
SPLUS-n01s27 iDR3.SPLUS-n01s27.014192 186.67269731032096 -0.3347511966887692 3.3012784 44 4.5241203 15.898404 12.0 2 0.63916504 19.56058 19.257568 19.444332 19.559261 19.406103 19.375797 19.38213 19.16298 18.807127 19.064005 18.783539 18.683899 0.05160347 0.059784584 0.11383123 0.1129733 0.08927918 0.02973223 0.06539892 0.024528814 0.022877019 0.028920155 0.056922603 0.039081153 1 0.4373853857170695 0.13266984349460256
HYDRA-0135 iDR3.HYDRA-0135.007702 161.89173407435652 -42.45776151181155 2.2975957 41 4.302616 15.474224 12.0 3 0.98592556 19.032751 18.996145 18.910921 19.362627 19.22913 19.474674 19.44994 19.150902 18.454699 18.988197 18.615421 18.617668 0.029191813 0.044292957 0.06278567 0.07979962 0.070714876 0.03268306 0.06819933 0.02413206 0.017296117 0.028574634 0.042662192 0.037317064 1 0.45904288158443735 0.15306478907437937
HYDRA-0068 iDR3.HYDRA-0068.065104 150.73271994052976 -31.77642540501818 2.4776027 25 3.85126 15.743812 12.0 2 0.9605701 19.671934 19.662176 19.903421 19.715866 19.517132 19.646278 19.638432 19.302631 18.953146 19.199612 19.184877 19.169367 0.06754459 0.09374882 0.16548397 0.13639364 0.103428304 0.045674223 0.093477115 0.030054515 0.02465789 0.034555294 0.07012034 0.05745936 1 1.0 3.802481861140295e-309
SPLUS-s25s32 iDR3.SPLUS-s25s32.045917 48.63725659916625 -31.538394417267995 3.4014308 40 4.7053804 15.986825 12.0 2 0.95830286 20.328403 20.095827 20.091461 19.996075 19.815834 19.67429 19.412743 19.193768 18.686098 19.23022 18.64588 18.795841 0.0886548 0.114337325 0.1851195 0.16059509 0.13398337 0.042327303 0.072843455 0.02418008 0.018570237 0.029997567 0.03823295 0.034650456 1 0.5751182797341926 0.09929914700746621
STRIPE82-0028 iDR3.STRIPE82-0028.008666 18.12729657912228 0.24493041764029988 2.327236 20 4.8199687 16.515625 12.0 2 0.9632768 22.399225 20.880922 21.708448 20.336967 20.168373 19.860691 19.32389 19.537521 19.137665 19.348389 19.483477 19.201763 0.73696476 0.27043468 0.92604876 0.21849166 0.16900326 0.048655912 0.07293884 0.038637266 0.032123435 0.043336425 0.11616889 0.07105551 1 0.6048450366278808 0.0896125832970078
STRIPE82-0049 iDR3.STRIPE82-0049.021805 33.87092614743144 -0.8874609989930496 2.2915175 26 4.1697564 15.726865 12.0 3 0.9981333 19.822334 19.667065 19.960638 19.94936 19.91338 19.846851 19.759903 19.476006 19.046778 19.408504 19.39627 19.457684 0.04670914 0.06226993 0.11554535 0.10015195 0.09434643 0.03353068 0.06832788 0.027109046 0.02410703 0.032588758 0.07883516 0.06298917 1 1.0 3.734374625138165e-309
STRIPE82-0069 iDR3.STRIPE82-0069.058305 47.87373270347458 -0.28373614263330726 2.3264692 38 4.5165453 16.335855 12.0 3 0.9707783 19.549545 19.493406 19.63409 19.72517 19.589554 19.648842 19.719336 19.433392 19.113586 19.383343 19.531122 19.420774 0.03532024 0.050846234 0.08802569 0.07785673 0.062812716 0.021801602 0.06160624 0.021197448 0.022083497 0.029498808 0.09471762 0.052223403 1 0.8717494598360417 0.016782709758915278
SPLUS-s18s23 iDR3.SPLUS-s18s23.020675 317.4046139896138 -23.1972262860702 4.3051763 41 4.557694 15.809866 12.0 2 0.8396142 20.06334 20.020992 20.060183 20.107994 19.713654 19.92354 19.828203 19.41784 18.715902 19.218761 18.3087 18.656599 0.07080683 0.10294965 0.17929825 0.15846385 0.11087527 0.042717602 0.0894446 0.0292278 0.02000082 0.034201562 0.032299988 0.03822675 1 0.20630368994284598 0.16553435009428463
SPLUS-s24s53 iDR3.SPLUS-s24s53.015265 322.8593780187172 -31.231583886430656 2.8031187 27 4.6130257 15.893847 12.0 3 0.9530579 20.11188 19.876747 20.344376 19.823109 19.72751 19.773125 19.80563 19.4394 18.908443 19.364704 18.549839 18.875114 0.06333031 0.085129924 0.19038834 0.10909036 0.09939731 0.036891393 0.081497915 0.030463586 0.023804877 0.04146716 0.049347054 0.06429273 1 0.3868584401073427 0.14709456649343186
SPLUS-n18s16 iDR3.SPLUS-n18s16.025846 172.2247108562397 -23.053959125988545 2.4921894 31 3.9474463 15.998869 12.0 3 0.96587145 19.937885 19.982904 19.866344 19.825409 19.707829 19.757307 19.887363 19.487165 19.137115 19.501669 19.353888 19.339258 0.060443427 0.094496965 0.12889667 0.103758626 0.08972519 0.034036428 0.08297676 0.029588953 0.026345102 0.04054428 0.08534573 0.070300035 1 0.9540805815883695 0.04591941841163043
SPLUS-n01s25 iDR3.SPLUS-n01s25.021953 182.78410026173069 -0.11384801077944232 3.4232006 25 5.0102715 16.604933 12.0 3 0.92521065 20.093485 20.12379 20.070127 20.383524 20.177437 20.02448 20.057497 19.535793 19.22404 19.684685 19.837223 19.61874 0.069251716 0.11138233 0.18361332 0.21949743 0.17734541 0.055552308 0.13012059 0.036814347 0.032663725 0.054266185 0.14248575 0.09565858 1 0.503863758888371 0.0623096980260626
SPLUS-n12s38 iDR3.SPLUS-n12s38.050367 202.7705034750565 -14.45073241642153 4.032411 37 4.0721984 16.539013 12.0 2 0.91696805 19.758976 19.465153 19.791912 19.7585 19.74177 19.721174 19.583447 19.440521 18.666924 19.546137 18.497383 18.852196 0.04501573 0.05983894 0.123843595 0.10758306 0.1102653 0.037769876 0.076260425 0.030248528 0.020063294 0.04509897 0.039379865 0.04685724 1 0.4684535988522455 0.17844839289405673
HYDRA-D-0001 iDR3.HYDRA-D-0001.091838 157.91474660497497 -34.34437665607575 2.1456015 31 4.268462 16.388979 12.0 3 0.97587705 19.740396 19.62158 19.917873 19.918278 19.884493 19.79336 19.847115 19.515842 19.233866 19.51496 19.436012 19.510431 0.030709445 0.04574982 0.10218631 0.08247859 0.07665688 0.02118833 0.058931638 0.016962003 0.017014451 0.022449711 0.047540184 0.040566906 1 1.0 3.42816809522772e-309
HYDRA-0116 iDR3.HYDRA-0116.051333 156.94997173096957 -39.12284230409804 2.437201 24 3.9990082 15.897417 12.0 2 0.992872 21.485453 20.86536 20.82373 20.242065 20.16169 19.873444 19.321276 19.440384 19.050018 19.306152 19.231163 19.185667 0.20069888 0.19073007 0.3030772 0.15982834 0.14385012 0.040341966 0.061959714 0.027670925 0.024082003 0.0336838 0.06545989 0.057354927 1 0.9793759473699523 0.02062405263004779
STRIPE82-0086 iDR3.STRIPE82-0086.031781 59.91916180391396 1.38909076208475 2.974554 32 3.9764893 16.558546 12.0 2 0.9690807 21.021336 20.850178 20.415594 19.84112 18.91555 19.584599 19.836285 19.405254 18.882832 19.05931 18.67392 18.663918 0.22173743 0.25454128 0.3156081 0.12930155 0.05880218 0.03502881 0.08877295 0.035859883 0.0226456 0.038677104 0.04060206 0.04336846 1 0.21370935576615807 0.12550491459157442
STRIPE82-0071 iDR3.STRIPE82-0071.003645 50.118698086565395 -1.3196402489222163 3.2253702 30 4.2911987 16.398773 12.0 2 0.9443068 20.620632 20.650063 20.418243 20.26036 20.876589 20.242832 20.073177 19.773233 19.108204 19.71719 19.004925 19.311989 0.12099902 0.16385663 0.19008455 0.17583415 0.45599726 0.056133535 0.12094186 0.037792332 0.03305419 0.045571733 0.06592628 0.066503346 1 0.566397893138998 0.1397153581799115
STRIPE82-0035 iDR3.STRIPE82-0035.001251 24.257111717644538 -1.3497465276851617 3.7420986 32 5.3698177 17.194035 12.0 2 0.9267195 20.127758 20.013226 19.92845 19.78165 19.04721 19.70695 19.700104 19.570602 19.207537 19.518913 19.17532 19.287401 0.08986841 0.12805258 0.21493201 0.13596608 0.06942869 0.040522974 0.09098188 0.037573997 0.030106885 0.047198612 0.06930993 0.066524155 1 0.4419545705529639 0.09230053133333008
SPLUS-s23s48 iDR3.SPLUS-s23s48.043793 357.3611764691601 -29.260745194720084 2.1363125 15 4.0596905 15.959397 12.0 0 0.9609405 22.901829 24.204453 20.751247 21.342129 20.555286 20.159668 19.937107 19.687052 19.352554 19.65274 19.767931 19.728453 0.7074903 4.019726 0.30279392 0.4412872 0.22151774 0.05509202 0.09946705 0.036756933 0.03249144 0.052749194 0.13852464 0.11314515 1 0.6481825419879571 0.05834251462229944
SPLUS-s23s46 iDR3.SPLUS-s23s46.025630 354.30634514083283 -29.490826468866807 3.3623369 23 3.9123008 16.488003 12.0 2 0.92251736 21.804691 20.603348 20.391624 21.05886 20.287163 19.905115 19.386787 19.71005 19.326136 19.577187 19.714714 19.625603 0.31351924 0.18033801 0.25365713 0.3931865 0.19219576 0.04790552 0.07462798 0.041819148 0.033984955 0.05469561 0.14235789 0.111176476 1 0.6612223926145754 0.03147021547994415
SPLUS-n08s03 iDR3.SPLUS-n08s03.049499 154.51496244692612 -9.12663230749329 2.0450246 18 4.264149 15.791063 12.0 3 0.9765649 19.786442 19.881536 19.831823 20.043083 20.084583 20.066076 20.055496 19.727625 19.35471 19.58375 19.63359 19.631304 0.05265612 0.07931453 0.11685924 0.123459764 0.12469111 0.04404026 0.097473375 0.03103307 0.027606776 0.034244105 0.07448533 0.06147722 1 0.9852578851539048 0.014742114846095144
SPLUS-n05s01 iDR3.SPLUS-n05s01.010532 150.69532980786036 -5.917147081536486 3.3008053 37 7.15379 15.779082 12.0 3 0.83502954 19.82183 19.91522 20.081413 19.936363 19.789072 19.968636 19.99099 19.581646 19.263512 19.651024 19.665733 19.524734 0.051280785 0.079634964 0.14520071 0.11609048 0.102092974 0.04272368 0.095675595 0.02993566 0.027048435 0.039405596 0.09000287 0.06237447 1 0.8030630830330832 0.017701601272283478
SPLUS-n11s41 iDR3.SPLUS-n11s41.013173 205.79698794378433 -14.024598620917683 2.0702507 19 4.195283 15.793144 12.0 2 0.9758983 20.094782 19.979147 20.00168 20.082695 19.950607 20.02572 19.988697 19.694544 19.372122 19.70573 19.80846 19.724611 0.044149954 0.058081795 0.09895933 0.092484735 0.07777061 0.03158067 0.06589776 0.024745634 0.022843791 0.033220433 0.08122901 0.06340596 1 1.0 3.50799901413053e-309
SPLUS-n12s41 iDR3.SPLUS-n12s41.013201 207.96733064302796 -15.312619102989839 3.3841138 44 4.001924 16.282436 12.0 2 0.57147884 20.595118 20.451548 20.565857 20.463963 20.417803 20.158997 19.935404 19.756924 19.348038 19.746141 19.119476 19.362122 0.06591678 0.084839314 0.15117186 0.1236371 0.112678364 0.033474583 0.060936388 0.025379702 0.021587553 0.033830073 0.046863962 0.047000404 1 0.6856725312282036 0.11166354374263876
HYDRA-0063 iDR3.HYDRA-0063.060251 157.26596204452088 -30.49880504523656 2.7495775 30 5.5631623 16.206066 12.0 3 0.8906411 19.978668 19.941467 20.25003 20.03075 20.412539 20.05278 20.002665 19.644005 18.915497 19.981028 19.089806 19.441048 0.06831954 0.09395018 0.17776594 0.12364427 0.15812528 0.044743616 0.09085614 0.035116628 0.023185745 0.057564285 0.059504163 0.061739597 1 1.0 4.240427659404155e-309
HYDRA-0051 iDR3.HYDRA-0051.039850 152.66383066476237 -29.228827577495252 3.2397957 18 4.2127314 16.406687 12.0 2 0.67375565 20.355713 20.370281 20.542494 20.509192 20.386507 20.307297 20.378063 19.737684 19.31406 19.726788 19.835041 19.7971 0.13287048 0.18991458 0.33054963 0.31304157 0.27437526 0.11072097 0.21025191 0.05691402 0.052944798 0.06913958 0.16371496 0.12771149 1 0.4008818296586145 0.08813336812262333
SPLUS-s02s21 iDR3.SPLUS-s02s21.007708 351.4472022920426 -1.7474691544639525 7.8586273 27 6.5588384 17.17481 12.0 2 0.5883002 20.978474 21.301565 20.185553 20.949455 23.157047 20.61688 20.50732 19.657246 18.924932 19.488047 19.168932 19.239204 0.2749283 0.5508134 0.33487236 0.65984964 4.4709888 0.19009304 0.3169711 0.06978463 0.046754673 0.07472619 0.13549457 0.10865982 1 0.11505577542151732 0.23015118849536204
