Star-v5/Halpha-DR3_PStotal-STAR_total-clean-Final-hdbscan-group0.ecsv
# %ECSV 1.0
# ---
# datatype:
# - {name: Field, datatype: string}
# - {name: ID, datatype: string}
# - {name: RA, datatype: float64}
# - {name: DEC, datatype: float64}
# - {name: FWHM, datatype: float32}
# - {name: ISOarea, datatype: int32}
# - {name: KRON_RADIUS, datatype: float32}
# - {name: MU_MAX, datatype: float32}
# - {name: nDet_PStotal, datatype: float32}
# - {name: PhotoFlagDet, datatype: int16}
# - {name: CLASS_STAR, datatype: float32}
# - {name: u_PStotal, datatype: float32}
# - {name: J0378_PStotal, datatype: float32}
# - {name: J0395_PStotal, datatype: float32}
# - {name: J0410_PStotal, datatype: float32}
# - {name: J0430_PStotal, datatype: float32}
# - {name: g_PStotal, datatype: float32}
# - {name: J0515_PStotal, datatype: float32}
# - {name: r_PStotal, datatype: float32}
# - {name: J0660_PStotal, datatype: float32}
# - {name: i_PStotal, datatype: float32}
# - {name: J0861_PStotal, datatype: float32}
# - {name: z_PStotal, datatype: float32}
# - {name: e_u_PStotal, datatype: float32}
# - {name: e_J0378_PStotal, datatype: float32}
# - {name: e_J0395_PStotal, datatype: float32}
# - {name: e_J0410_PStotal, datatype: float32}
# - {name: e_J0430_PStotal, datatype: float32}
# - {name: e_g_PStotal, datatype: float32}
# - {name: e_J0515_PStotal, datatype: float32}
# - {name: e_r_PStotal, datatype: float32}
# - {name: e_J0660_PStotal, datatype: float32}
# - {name: e_i_PStotal, datatype: float32}
# - {name: e_J0861_PStotal, datatype: float32}
# - {name: e_z_PStotal, datatype: float32}
# - {name: Label, datatype: int64}
# - {name: P(Blue), datatype: float64}
# - {name: P(Red), datatype: float64}
# meta: !!omap
# - {TCOMM1: description}
# - {TCOMM2: description}
# - {TCOMM3: description}
# - {TCOMM4: description}
# - {TCOMM5: description}
# - {TCOMM6: description}
# - {TCOMM7: description}
# - {TCOMM8: description}
# - {TCOMM9: description}
# - {TCOMM10: description}
# - {TCOMM11: description}
# - {TCOMM12: description}
# - {TCOMM13: description}
# - {TCOMM14: description}
# - {TCOMM15: description}
# - {TCOMM16: description}
# - {TCOMM17: description}
# - {TCOMM18: description}
# - {TCOMM19: description}
# - {TCOMM20: description}
# - {TCOMM21: description}
# - {TCOMM22: description}
# - {TCOMM23: description}
# - {TCOMM24: description}
# - {TCOMM25: description}
# - {TCOMM26: description}
# - {TCOMM27: description}
# - {TCOMM28: description}
# - {TCOMM29: description}
# - {TCOMM30: description}
# - {TCOMM31: description}
# - {TCOMM32: description}
# - {TCOMM33: description}
# - {TCOMM34: description}
# - {TCOMM35: description}
# - {DATE-HDU: '2022-08-03T03:18:20'}
# - {STILVERS: 3.3-2}
# - {STILCLAS: uk.ac.starlink.fits.FitsTableWriter}
# schema: astropy-2.0
Field ID RA DEC FWHM ISOarea KRON_RADIUS MU_MAX nDet_PStotal PhotoFlagDet CLASS_STAR u_PStotal J0378_PStotal J0395_PStotal J0410_PStotal J0430_PStotal g_PStotal J0515_PStotal r_PStotal J0660_PStotal i_PStotal J0861_PStotal z_PStotal e_u_PStotal e_J0378_PStotal e_J0395_PStotal e_J0410_PStotal e_J0430_PStotal e_g_PStotal e_J0515_PStotal e_r_PStotal e_J0660_PStotal e_i_PStotal e_J0861_PStotal e_z_PStotal Label P(Blue) P(Red)
[from data line 118]
SPLUS-n15s18 iDR3.SPLUS-n15s18.009474 174.12068360627623 -19.41389514476072 2.7390583 23 4.992403 16.44938 12.0 0 0.8553413 24.362644 22.44817 24.155048 21.639036 21.553778 21.322964 20.818909 20.119093 19.366827 19.723684 19.379662 19.318077 2.118063 0.62203646 5.1308584 0.48237687 0.45032853 0.12022661 0.180763 0.04637745 0.03151215 0.044372052 0.085035615 0.056247998 0 4.638155325424987e-309 1.0
HYDRA-0088 iDR3.HYDRA-0088.000889 153.75321810682465 -35.68078237361682 1.7558638 9 2.9047112 15.662201 10.0 0 0.9713499 23.024576 23.075542 99.0 21.980392 99.0 21.489296 21.758572 20.219196 18.786749 19.557568 19.219666 19.371908 0.6994218 1.0843453 21.579395 0.5908376 21.768503 0.13001765 0.3873124 0.046066016 0.019759495 0.03879301 0.07008051 0.062521026 0 0.032046095109878166 0.9367180425405317
STRIPE82-0087 iDR3.STRIPE82-0087.023708 300.94074915334073 -1.1602197427639678 2.9737618 23 5.070395 17.598764 9.0 0 0.70357656 23.596577 99.0 99.0 22.760578 99.0 21.44319 21.261482 20.304152 18.75274 19.743452 19.575869 19.38859 1.5323951 21.3679 20.978617 1.7059605 21.442844 0.13702683 0.32682222 0.057595525 0.02095488 0.049507592 0.08866454 0.06634059 0 4.601050754030387e-309 1.0
HYDRA-0099 iDR3.HYDRA-0099.004248 157.4160928875041 -36.9999377610388 3.6196735 19 2.2963579 16.92845 12.0 0 0.5576385 22.466698 21.288643 21.468231 22.353394 21.98273 21.54671 21.873127 20.326992 19.612661 19.911373 19.36445 19.4817 0.44361168 0.24745491 0.46593347 0.97749484 0.7073142 0.16397679 0.5285088 0.06339874 0.039013285 0.060349923 0.07537339 0.074580655 0 4.462309466198007e-309 1.0
SPLUS-s25s48 iDR3.SPLUS-s25s48.023401 74.67197376855974 -32.32577870784293 3.4247665 21 4.380374 16.819145 10.0 0 0.7242674 99.0 99.0 25.167397 22.222301 21.392616 21.714172 21.312813 20.353151 19.365993 19.768087 19.186932 19.472237 22.479715 21.987312 16.794035 0.94983256 0.4138293 0.16584244 0.2920693 0.05798274 0.03209793 0.056311324 0.074187055 0.088209435 0 0.07359163123120538 0.6422577130092746
SPLUS-s28s35 iDR3.SPLUS-s28s35.039399 57.509130564336886 -35.8326311130568 5.054286 15 6.909794 16.88953 12.0 0 0.6428669 22.15931 21.99388 20.675947 20.900072 21.517681 21.627768 21.008312 20.354088 19.549965 20.875385 18.698065 19.33482 0.43675205 0.6296197 0.39856488 0.32996517 0.5527777 0.19448647 0.4350309 0.060826547 0.062490538 0.1918726 0.048181534 0.0963986 0 0.06811736780583087 0.7859304182612113
STRIPE82-0087 iDR3.STRIPE82-0087.022964 300.8508382521347 -1.166950783730589 2.9944322 17 1.8480924 17.67252 9.0 0 0.6678546 99.0 99.0 99.0 21.785444 22.022863 21.40273 21.097225 20.349596 18.769676 19.967497 19.643888 19.6221 22.285767 21.3679 20.978617 0.7003059 0.8043271 0.13236743 0.2822331 0.06035272 0.021357998 0.06055823 0.09462384 0.08220653 0 0.011997086465942577 0.9877285564719261
SPLUS-s37s44 iDR3.SPLUS-s37s44.009267 325.3529973960878 -48.4640237099505 4.235569 18 3.9980845 16.848238 10.0 0 0.79042614 99.0 22.960018 21.767237 99.0 22.026249 21.68785 23.716896 20.494774 17.33303 19.718616 19.665474 19.613905 21.87015 1.4093469 0.69804144 21.471405 0.7347886 0.18158937 2.7365766 0.07750619 0.009807234 0.06203685 0.21910317 0.10909374 0 4.481210880287317e-309 1.0
STRIPE82-0087 iDR3.STRIPE82-0087.041133 300.76724759731985 -1.0074371393107548 2.8667164 17 2.521758 17.527264 7.0 0 0.69886774 99.0 99.0 99.0 99.0 99.0 21.785503 22.22195 20.45268 19.23108 19.649698 19.403948 19.21507 22.285767 21.3679 20.978617 21.355217 21.442844 0.18543757 0.77995586 0.06670636 0.031139381 0.04572337 0.07620022 0.056851674 0 0.14380585108546334 0.6360652959088242
STRIPE82-0087 iDR3.STRIPE82-0087.010709 301.06113911807444 -1.2757295927222954 2.9841685 14 4.238861 17.940987 10.0 0 0.50205135 23.52975 99.0 21.59761 23.125784 99.0 21.745966 21.202831 20.611483 18.103304 20.06755 19.729774 19.814259 1.4447228 21.3679 0.8050625 2.4238963 21.442844 0.18241347 0.3148972 0.07546023 0.012946338 0.06638869 0.102602266 0.09820613 0 4.977260851239857e-309 1.0
STRIPE82-0145 iDR3.STRIPE82-0145.063521 341.71636161968155 -0.030618749981160563 3.3948402 20 5.081572 17.84703 11.0 0 0.5364657 22.73768 99.0 22.137163 21.634832 21.366352 21.941841 21.307594 20.733194 20.019318 20.435823 19.756607 19.719564 0.59194905 21.980661 0.9126231 0.46072415 0.33752868 0.17039415 0.2756135 0.066118054 0.044413388 0.067387246 0.09592175 0.06549644 0 0.04414210900245023 0.773591327541778
HYDRA-0045 iDR3.HYDRA-0045.104177 159.7648332687733 -27.40832805496039 1.8515788 11 2.4081752 16.987652 10.0 0 0.9373936 26.096214 99.0 99.0 22.167526 23.024132 22.090878 21.76059 20.754856 19.675632 20.04041 19.536745 19.638557 12.0478945 22.040703 21.46524 0.7714369 1.7682449 0.19641152 0.4451159 0.06636797 0.03263065 0.044269353 0.064174175 0.062692836 0 0.11764070164303819 0.7140551110702515
STRIPE82-0104 iDR3.STRIPE82-0104.047057 311.21625314517314 0.6730684491672361 2.6378713 11 2.1470299 17.099588 11.0 0 0.5683725 22.908176 99.0 22.402866 21.516829 22.764015 21.885826 21.48215 20.849083 19.932682 20.264297 20.084091 19.95387 0.77669966 21.504208 1.2839464 0.4856938 1.4163784 0.19239742 0.33428758 0.096621625 0.05465621 0.090637 0.19026342 0.14482616 0 0.05512957593557774 0.7068629998052164
