Star-v5/Halpha-DR3_PStotal-STAR_total-clean-unique-simbad-nonspectra.ecsv
# %ECSV 1.0
# ---
# datatype:
# - {name: Field, datatype: string}
# - {name: ID, datatype: string}
# - {name: RA, datatype: float64}
# - {name: DEC, datatype: float64}
# - {name: FWHM, datatype: float64}
# - {name: ISOarea, datatype: int64}
# - {name: KRON_RADIUS, datatype: float64}
# - {name: MU_MAX, datatype: float64}
# - {name: nDet_PStotal, datatype: float64}
# - {name: PhotoFlagDet, datatype: int64}
# - {name: CLASS_STAR, datatype: float64}
# - {name: u_PStotal, datatype: float64}
# - {name: J0378_PStotal, datatype: float64}
# - {name: J0395_PStotal, datatype: float64}
# - {name: J0410_PStotal, datatype: float64}
# - {name: J0430_PStotal, datatype: float64}
# - {name: g_PStotal, datatype: float64}
# - {name: J0515_PStotal, datatype: float64}
# - {name: r_PStotal, datatype: float64}
# - {name: J0660_PStotal, datatype: float64}
# - {name: i_PStotal, datatype: float64}
# - {name: J0861_PStotal, datatype: float64}
# - {name: z_PStotal, datatype: float64}
# - {name: e_u_PStotal, datatype: float64}
# - {name: e_J0378_PStotal, datatype: float64}
# - {name: e_J0395_PStotal, datatype: float64}
# - {name: e_J0410_PStotal, datatype: float64}
# - {name: e_J0430_PStotal, datatype: float64}
# - {name: e_g_PStotal, datatype: float64}
# - {name: e_J0515_PStotal, datatype: float64}
# - {name: e_r_PStotal, datatype: float64}
# - {name: e_J0660_PStotal, datatype: float64}
# - {name: e_i_PStotal, datatype: float64}
# - {name: e_J0861_PStotal, datatype: float64}
# - {name: e_z_PStotal, datatype: float64}
# - {name: main_id, datatype: string}
# - {name: ra_x, datatype: float64}
# - {name: dec_x, datatype: float64}
# - {name: coo_err_maj, datatype: float64}
# - {name: coo_err_min, datatype: float64}
# - {name: coo_err_angle, datatype: float64}
# - {name: nbref, datatype: int64}
# - {name: ra_sexa, datatype: string}
# - {name: dec_sexa, datatype: string}
# - {name: coo_qual, datatype: string}
# - {name: coo_bibcode, datatype: string}
# - {name: main_type, datatype: string}
# - {name: other_types, datatype: string}
# - {name: radvel, datatype: float64}
# - {name: radvel_err, datatype: float64}
# - {name: redshift, datatype: float64}
# - {name: redshift_err, datatype: float64}
# - {name: sp_type, datatype: string}
# - {name: morph_type, datatype: float64}
# - {name: plx, datatype: float64}
# - {name: plx_err, datatype: float64}
# - {name: pmra, datatype: float64}
# - {name: pmdec, datatype: float64}
# - {name: pm_err_maj, datatype: float64}
# - {name: pm_err_min, datatype: float64}
# - {name: pm_err_pa, datatype: float64}
# - {name: size_maj, datatype: float64}
# - {name: size_min, datatype: float64}
# - {name: size_angle, datatype: float64}
# - {name: B, datatype: float64}
# - {name: V, datatype: float64}
# - {name: R_x, datatype: float64}
# - {name: J, datatype: float64}
# - {name: H, datatype: float64}
# - {name: K, datatype: float64}
# - {name: u, datatype: float64}
# - {name: g, datatype: float64}
# - {name: r_xa, datatype: float64}
# - {name: i, datatype: float64}
# - {name: z, datatype: float64}
# - {name: angDist, datatype: float64}
# schema: astropy-2.0
Field ID RA DEC FWHM ISOarea KRON_RADIUS MU_MAX nDet_PStotal PhotoFlagDet CLASS_STAR u_PStotal J0378_PStotal J0395_PStotal J0410_PStotal J0430_PStotal g_PStotal J0515_PStotal r_PStotal J0660_PStotal i_PStotal J0861_PStotal z_PStotal e_u_PStotal e_J0378_PStotal e_J0395_PStotal e_J0410_PStotal e_J0430_PStotal e_g_PStotal e_J0515_PStotal e_r_PStotal e_J0660_PStotal e_i_PStotal e_J0861_PStotal e_z_PStotal main_id ra_x dec_x coo_err_maj coo_err_min coo_err_angle nbref ra_sexa dec_sexa coo_qual coo_bibcode main_type other_types radvel radvel_err redshift redshift_err sp_type morph_type plx plx_err pmra pmdec pm_err_maj pm_err_min pm_err_pa size_maj size_min size_angle B V R_x J H K u g r_xa i z angDist
[from data line 100]
STRIPE82-0099 iDR3.STRIPE82-0099.011117 308.8415057178947 -1.2370604293507987 2.043025 28 3.371905 16.13691 11.0 0 0.9694671 23.44656 99.0 21.96072 21.528477 20.894932 20.666359 20.105076 19.543348 18.689905 19.012407 18.079134 18.568235 1.1172733 22.21197 0.5132651 0.27973393 0.15202962 0.05445663 0.069097355 0.025274461 0.011852781 0.022816816 0.0193784 0.020934418 "SDSS J203521.96-011413.5" 308.8415282633 -1.2370686459 0.0 0.0 90.0 1 "20 35 21.96678" "-01 14 13.4471" A 2020yCat.1350....0G low-mass* *|**|LM* "" "" "" "" M0 "" "" "" -1.544 -6.339 0.23 0.202 90.0 "" "" "" "" "" "" "" "" "" 22.179 20.148 18.873 18.333 18.012 0.086368
STRIPE82-0069 iDR3.STRIPE82-0069.065782 48.24315359852245 -0.0815656430783389 2.8907146 35 3.936061 16.638977 12.0 0 0.8555751 21.164484 20.578556 21.068932 20.681025 20.23439 20.038458 19.610306 19.423962 18.920393 19.0705 19.003614 18.938847 0.13729921 0.12627427 0.30775538 0.17786889 0.108315915 0.029370101 0.056232534 0.02103725 0.01910248 0.022743812 0.05982476 0.034057174 "SDSS J031258.36-000453.6" 48.2431907852 -0.0815797525 0.02 0.023 90.0 2 "03 12 58.36579" "-00 04 53.6871" C 2020yCat.1350....0G Galaxy *|G 33129.063 2.998 0.11735 1e-05 "" "" "" "" "" "" "" "" "" "" "" "" "" "" "" "" "" "" 20.836 19.779 19.209 18.855 18.712 0.143184
SPLUS-s25s14 iDR3.SPLUS-s25s14.022698 21.26913199118856 -32.28740231179497 3.259793 33 3.5614836 16.139061 12.0 0 0.9556783 19.850069 19.813957 19.974812 19.132946 18.89444 19.324005 19.35503 19.359428 18.996744 19.288898 19.158138 19.16911 0.05536669 0.085807 0.15978767 0.07138008 0.05517056 0.028761154 0.06261005 0.029497355 0.027865723 0.038054086 0.08284623 0.06514384 "QSO B0122-3232" 21.2691798941 -32.2874439516 0.0 0.0 90.0 5 "01 25 04.60317" "-32 17 14.7982" A 2020yCat.1350....0G QSO *|AGN|QSO 253322.013 "" 2.45 "" "" "" 0.2305 0.287 -0.42 -0.097 0.278 0.247 90.0 "" "" "" "" 19.9 "" "" "" "" "" "" "" "" "" 0.209104
SPLUS-s23s39 iDR3.SPLUS-s23s39.004540 343.4706720102698 -30.162151096626257 3.148785 27 4.033129 16.034407 12.0 0 0.9680802 19.68581 19.392944 19.835129 19.894516 19.559261 19.871483 19.963047 19.489391 18.964699 19.316664 18.046072 18.609097 0.059801653 0.07102867 0.15896711 0.15844956 0.11954335 0.054631043 0.12866314 0.032483563 0.023147462 0.033184648 0.023960816 0.030315908 "2QZ J225352.9-300944" 343.4706978001 -30.1621663231 0.0 0.0 90.0 5 "22 53 52.96747" "-30 09 43.7988" A 2020yCat.1350....0G Seyfert_1 *|AGN|Sy1 82415.765 "" 0.326 "" "" "" "" "" 0.267 -0.121 0.228 0.248 90.0 "" "" "" 19.21 "" "" "" "" "" "" "" "" "" "" 0.097203
SPLUS-s24s63 iDR3.SPLUS-s24s63.050970 338.4273343986453 -30.32651312377564 2.3559284 24 4.822665 15.828672 12.0 0 0.9762561 19.926918 19.906933 19.924263 20.19223 19.951488 19.80186 19.5631 19.499012 18.713156 19.653091 18.759962 19.078987 0.05432853 0.09254077 0.15377621 0.17188394 0.13782106 0.040748954 0.07599187 0.031605948 0.020423844 0.048275337 0.0528694 0.053428203 "2QZ J223342.5-301936" 338.4273271579 -30.3265462608 0.001 0.001 90.0 2 "22 33 42.55852" "-30 19 35.5665" A 2020yCat.1350....0G Galaxy *|G 81997.273 "" 0.324 "" "" "" "" "" 2.986 -1.387 1.365 1.667 90.0 "" "" "" 19.73 "" "" "" "" "" "" "" "" "" "" 0.121397
SPLUS-s22s32 iDR3.SPLUS-s22s32.052954 332.7430386884259 -27.658157768445044 3.2627046 30 3.8343656 16.320612 12.0 0 0.75389993 20.18319 19.960194 20.257246 19.963974 19.734331 19.896328 19.654255 19.393211 18.621862 19.690788 19.001156 19.341972 0.06886357 0.0938924 0.22969998 0.15168798 0.117297366 0.043393504 0.08398208 0.027184011 0.01749414 0.03943411 0.045189906 0.051044423 "2QZ J221058.3-273930" 332.7431666667 -27.6582222222 1.0 1.0 90.0 2 "22 10 58.36" "-27 39 29.6" D 2004MNRAS.349.1397C Galaxy G 79678.016 "" 0.313 "" "" "" "" "" "" "" "" "" "" "" "" "" 19.74 "" "" "" "" "" "" "" "" "" "" 0.469431
SPLUS-s22s32 iDR3.SPLUS-s22s32.027446 332.6945413004052 -28.395788795740938 2.4556878 29 3.9323604 15.720763 12.0 0 0.9801107 20.442268 20.230122 20.221312 19.90818 19.266144 19.555214 19.541225 19.384838 19.068869 19.300304 19.268082 19.142666 0.08571315 0.11830106 0.22667077 0.14574672 0.08143852 0.033932064 0.077304184 0.027285809 0.023714323 0.028813276 0.055892896 0.043035533 "[VV2006] J221046.6-282345" 332.6945810039 -28.395839783 0.0 0.0 90.0 4 "22 10 46.69944" "-28 23 45.0232" A 2020yCat.1350....0G QSO *|QSO 253322.013 "" 2.45 "" "" "" "" "" 0.217 0.01 0.356 0.339 90.0 "" "" "" "" 20.07 "" "" "" "" "" "" "" "" "" 0.22249
SPLUS-s24s10 iDR3.SPLUS-s24s10.013024 13.883649917774902 -31.260498014964096 3.7921607 21 5.658017 15.682843 12.0 0 0.95087653 19.80624 19.711288 19.73568 19.93523 19.877098 19.834602 19.855864 19.530151 19.19443 19.515678 19.912281 19.64615 0.05121089 0.07419361 0.122708574 0.12623183 0.11560363 0.037531666 0.08420518 0.030226696 0.025920533 0.042517588 0.14038467 0.089559935 "[VV2006] J005532.1-311538" 13.8835943611 -31.260461641 0.0 0.0 90.0 5 "00 55 32.06265" "-31 15 37.6619" A 2020yCat.1350....0G QSO *|QSO 207866.829 "" 1.35 "" "" "" 0.7557 0.4654 0.418 -0.52 0.354 0.435 90.0 "" "" "" "" 19.71 "" "" "" "" "" "" "" "" "" 0.215352
SPLUS-s23s47 iDR3.SPLUS-s23s47.008417 355.8714951658231 -30.03336765255501 2.3480842 20 3.666741 15.792895 12.0 0 0.96631867 19.733658 19.582882 19.419632 19.49099 19.442318 19.642885 19.617893 19.43638 19.090038 19.52376 19.928442 19.531681 0.03954117 0.05401812 0.10295035 0.10335096 0.09920608 0.03895737 0.08494865 0.03074174 0.027071541 0.04657975 0.150794 0.08902546 "[VV2006] J234329.1-300200" 355.8715239313 -30.0334065016 0.0 0.0 90.0 5 "23 43 29.16574" "-30 02 00.2634" A 2020yCat.1350....0G QSO *|QSO 208394.603 "" 1.358 "" "" "" 0.1061 0.3742 0.262 0.009 0.37 0.363 90.0 "" "" "" 20.33 "" "" "" "" "" "" "" "" "" "" 0.166124
SPLUS-s21s33 iDR3.SPLUS-s21s33.016520 334.58077291303573 -27.262284225095637 2.7314653 45 5.580432 15.878313 12.0 0 0.5577732 19.925705 19.583439 19.848743 19.74416 19.416924 19.722582 19.564398 19.407745 18.989513 19.264912 19.030817 18.746252 0.049265657 0.06489902 0.1378564 0.10839242 0.08151563 0.036737416 0.08718391 0.027848601 0.024127746 0.032287795 0.052782957 0.0383847 "2QZ J221819.4-271544" 334.5807896172 -27.2623269772 0.0 0.0 90.0 5 "22 18 19.38951" "-27 15 44.3771" A 2020yCat.1350....0G Seyfert_1 *|AGN|Sy1 88375.099 "" 0.355 "" "" "" 0.5249 0.7165 0.197 -0.021 0.387 0.352 90.0 "" "" "" 19.75 "" "" "" "" "" "" "" "" "" "" 0.162926
SPLUS-s24s23 iDR3.SPLUS-s24s23.019883 33.97085763989419 -30.980792935477925 3.1130795 21 3.7305129 16.321575 12.0 0 0.7257336 19.857832 20.210434 20.378391 20.56448 19.830318 20.070871 20.343025 19.451778 19.179012 19.593904 19.56593 19.6478 0.08444932 0.17301139 0.31366962 0.36282152 0.19026823 0.09815994 0.22940595 0.043873366 0.0345385 0.05025389 0.096760936 0.08598477 "[VV2006] J021553.0-305851" 33.9709465132 -30.9807743712 0.0 0.0 90.0 4 "02 15 53.02716" "-30 58 50.7877" A 2020yCat.1350....0G QSO *|QSO 205848.97 "" 1.32 "" "" "" 0.1721 0.2566 -0.079 -0.259 0.231 0.239 90.0 "" "" "" "" 19.26 "" "" "" "" "" "" "" "" "" 0.282325
SPLUS-s24s68 iDR3.SPLUS-s24s68.042614 345.17676446056856 -30.53474098640644 3.6147714 26 4.5218806 16.510061 12.0 0 0.8750792 19.640509 19.673798 19.746052 19.922796 19.511454 19.682335 20.098587 19.489155 19.155928 19.465458 19.50141 19.394768 0.05485382 0.098283656 0.18447618 0.20531048 0.1416681 0.060688715 0.18509647 0.042622697 0.034258854 0.044002157 0.0849141 0.06265337 "[VV2006] J230042.4-303206" 345.1767961556 -30.5347846447 0.0 0.0 90.0 4 "23 00 42.43108" "-30 32 05.2247" A 2020yCat.1350....0G QSO *|QSO 207866.829 "" 1.35 "" "" "" 0.0354 0.3271 0.129 0.016 0.221 0.23 90.0 "" "" "" "" 19.83 "" "" "" "" "" "" "" "" "" 0.185367
SPLUS-s23s34 iDR3.SPLUS-s23s34.025746 334.93782729725075 -29.57039409080591 2.136459 21 5.3963313 15.6198845 12.0 0 0.9415522 20.525799 20.34188 20.731808 20.47775 20.314804 19.721779 19.58912 19.413063 19.131687 19.599735 19.177095 19.215923 0.15412518 0.20362853 0.44673157 0.35010955 0.29510596 0.068076015 0.120382786 0.039612293 0.035028826 0.050751206 0.063355 0.05761762 "2QZ J221945.1-293414" 334.9378390423 -29.5704162093 0.001 0.001 90.0 1 "22 19 45.08137" "-29 34 13.4984" A 2020yCat.1350....0G EmG *|EmG|H2G 85933.692 "" 0.343 "" "" "" "" "" 2.408 0.687 1.526 1.379 90.0 "" "" "" 19.882 "" "" "" "" "" "" "" "" "" "" 0.087709
SPLUS-s21s10 iDR3.SPLUS-s21s10.021047 12.98183382570476 -26.962028288894874 2.8898077 31 3.7609797 15.612993 12.0 0 0.9615471 19.998617 20.00083 19.84936 19.527765 18.228842 19.203533 19.43508 19.342472 18.999271 19.269417 18.820555 18.968727 0.07762906 0.11060655 0.15846658 0.11176785 0.042174436 0.030021463 0.07657266 0.029513 0.031482685 0.037067328 0.056396015 0.053103954 "QSO B0049-272" 12.9819502735 -26.9620630899 0.0 0.0 90.0 15 "00 51 55.66807" "-26 57 43.4271" A 2020yCat.1350....0G QSO *|Q?|QSO 254155.89 "" 2.484 "" "" "" 0.2326 0.264 0.056 0.037 0.238 0.243 90.0 "" "" "" 18.8 18.71 "" "" "" "" "" "" "" "" "" 0.394091
SPLUS-s26s10 iDR3.SPLUS-s26s10.016174 15.36530506399244 -33.791874212644856 3.9454117 23 4.5306253 16.510294 11.0 0 0.7641802 22.111773 23.426937 20.849266 21.000923 20.554409 20.244808 19.878159 19.531727 18.669909 19.527328 17.79073 99.0 0.3128558 1.9945948 0.37096652 0.36967686 0.23044339 0.07711149 0.10662874 0.042718776 0.024626074 0.054282814 0.024469607 21.308884 "[MFW2011] 24026" 15.3653962804 -33.7918427881 0.0 0.0 90.0 1 "01 01 27.69511" "-33 47 30.6340" A 2020yCat.1350....0G Star * "" "" "" "" "" "" 1.0085 0.2034 17.349 -6.508 0.168 0.136 90.0 "" "" "" "" "" "" 16.34 15.71 15.54 "" "" "" "" "" 0.295422
SPLUS-n01s21 iDR3.SPLUS-n01s21.027503 177.5785539417351 -0.0150028066082771 2.4384906 29 4.235547 15.810589 12.0 0 0.9425294 22.259548 21.592804 20.641174 20.283092 20.333387 19.61549 19.589882 19.453114 19.144634 19.453495 19.566805 19.19778 0.44496843 0.40325454 0.28212464 0.18860388 0.19411376 0.038350508 0.07894903 0.03307562 0.030745804 0.04099557 0.12379715 0.059396785 "SDSS J115018.83-000054.0" 177.5784934729 -0.0150270013 0.0 0.0 90.0 8 "11 50 18.83843" "-00 00 54.0972" A 2020yCat.1350....0G QSO *|QSO 269700.139 143.9 3.35027 0.00048 "" "" 0.6664 0.3227 -0.473 -0.538 0.389 0.229 90.0 "" "" "" "" "" "" "" "" "" 21.968 19.551 19.19 19.132 19.122 0.234466
SPLUS-n02n26 iDR3.SPLUS-n02n26.016007 185.0155358422371 1.1089971952641655 4.0975437 44 5.605336 16.323395 12.0 0 0.67111844 22.441633 23.059544 21.424183 22.664053 21.648918 20.877207 21.14368 19.428623 18.54697 19.110056 18.6432 18.799004 0.513629 1.4997162 0.6087995 1.6698418 0.6076713 0.104909666 0.30201516 0.033901494 0.021728013 0.036901023 0.05680734 0.054557037 "SDSS J122003.72+010632.0" 185.0155094277 1.1089286605 0.011 0.004 90.0 1 "12 20 03.72226" "+01 06 32.1432" C 2020yCat.1350....0G Galaxy *|G 80080.746 "" 0.3149 "" "" "" "" "" "" "" "" "" 32767.0 "" "" "" "" "" "" "" "" "" 24.2 20.48 18.95 18.68 18.2 0.26441
SPLUS-n03s28 iDR3.SPLUS-n03s28.004962 188.1507145595841 -3.310957494367809 3.0490093 29 4.4095244 16.069176 12.0 0 0.961621 19.739807 19.659042 19.666912 19.701265 19.390707 19.614346 19.550623 19.354946 19.06279 19.383957 19.517298 19.414312 0.044584826 0.0673267 0.11523773 0.10640147 0.07886156 0.0339189 0.0697966 0.02605971 0.024035808 0.036273092 0.085759185 0.066073164 "GALEX 2414740977348515009" 188.1506271833 -3.3110032001 0.0 0.0 90.0 1 "12 32 36.15052" "-03 18 39.6115" A 2020yCat.1350....0G Blue *|UV|blu "" "" "" "" "" "" 0.0764 0.3041 -0.15 0.17 0.464 0.264 90.0 "" "" "" 17.9 "" 18.7 "" "" "" "" "" "" "" "" 0.354525
SPLUS-n02n24 iDR3.SPLUS-n02n24.016246 182.1071835462992 1.0654288965409666 2.2889884 18 3.0613961 15.891153 12.0 0 0.95853996 19.60141 19.674202 19.578703 19.713135 19.674168 19.841217 19.853836 19.554733 19.231913 19.552704 19.385178 19.45059 0.055947512 0.082054466 0.11848464 0.1139955 0.11421671 0.04628156 0.09971436 0.036538422 0.032311015 0.049276303 0.10563923 0.08871547 "[VV2006] J120825.7+010354" 182.1071149438 1.0653871457 0.0 0.0 90.0 5 "12 08 25.70759" "+01 03 55.3937" A 2020yCat.1350....0G QSO *|QSO 207201.051 "" 1.34 "" "" "" "" "" 0.547 -0.387 0.54 0.335 90.0 "" "" "" "" 20.18 "" 19.921 19.535 19.467 19.607 19.699 19.523 19.498 19.53 0.289074
SPLUS-n02n27 iDR3.SPLUS-n02n27.026395 186.6069592196776 1.267941658397558 2.271577 22 3.1529944 15.889669 12.0 0 0.9661557 20.276806 20.018196 19.738281 19.743923 19.05345 19.584936 19.68429 19.550653 19.22527 19.542477 19.425247 19.299946 0.0758169 0.100584246 0.12418803 0.10889993 0.062153485 0.0346746 0.08033409 0.033058193 0.029794797 0.04456301 0.08729933 0.06659001 "[VV2006] J122625.7+011604" 186.6068933219 1.267940929 0.0 0.0 90.0 14 "12 26 25.65440" "+01 16 04.5873" A 2020yCat.1350....0G QSO *|QSO 254013.004 59.958 2.47811 0.0002 "" "" 0.0958 0.3742 0.378 -0.282 0.44 0.289 90.0 "" "" "" "" 19.46 "" "" 19.197 19.224 20.404 19.809 19.684 19.733 19.444 0.237188
SPLUS-n11s33 iDR3.SPLUS-n11s33.024283 194.75339729526405 -13.57832034488012 3.2100105 26 4.6688066 16.47659 12.0 0 0.8967577 19.634785 19.367744 19.203129 19.764915 19.484324 19.700903 19.47219 19.500164 18.881283 19.6908 19.611952 19.747374 0.04687871 0.059099767 0.08561376 0.1119295 0.09333908 0.04408562 0.074823365 0.036813423 0.026536368 0.049095005 0.11925209 0.097106665 "CRTS J125900.8-133442" 194.7534583333 -13.57825 "" "" 172.0 1 "12 59 00.83" "-13 34 41.7" D 2014MNRAS.441.1186D CV*_Candidate CV? "" "" "" "" "" "" "" "" "" "" "" "" "" "" "" "" "" "" "" "" "" "" "" "" "" "" "" 0.331292
SPLUS-n04s41 iDR3.SPLUS-n04s41.011727 204.5142167578825 -4.542983526725718 2.2898536 25 3.8305457 15.534935 11.0 0 0.9393112 24.608074 99.0 23.382689 23.990711 24.948952 21.50109 20.685575 19.44764 18.839296 18.737366 18.563663 18.581291 3.481764 21.793554 3.5533807 5.4044924 13.739127 0.19454516 0.22354189 0.03734271 0.02643761 0.02999385 0.061140977 0.047583953 "BRI B1335-0417" 204.5142299732 -4.5430504864 0.0 0.0 90.0 94 "13 38 03.41519" "-04 32 34.9818" A 2020yCat.1350....0G Galaxy *|G|QSO 279883.816 "" 4.396 "" "" "" "" "" 0.645 -0.109 0.408 0.257 90.0 "" "" "" 19.4 "" "" "" "" "" "" "" "" "" "" 0.245676
STRIPE82-0162 iDR3.STRIPE82-0162.014992 353.5365748057584 0.4512663220022528 1.9939876 18 3.9304986 16.060453 12.0 0 0.9995218 21.985897 22.320621 23.57478 21.814453 21.74181 20.902634 20.69484 19.61916 18.813631 18.74321 17.926573 18.354015 0.5916474 1.0161353 4.700911 0.8260514 0.7108875 0.14277616 0.24259286 0.04143262 0.023641422 0.028158933 0.024179677 0.027233701 "CRTS J233408.7+002704" 353.5365767471 0.4512428023 0.0 0.0 90.0 2 "23 34 08.77842" "+00 27 04.4741" A 2020yCat.1350....0G low-mass* *|**|EB*|IR|LM* "" "" "" "" M2 "" 1.3424 0.3071 4.151 0.637 0.32 0.276 90.0 "" "" "" "" 18.94 "" 16.676 15.952 "" 24.568 20.96 19.627 18.741 18.198 0.084959
SPLUS-s24s03 iDR3.SPLUS-s24s03.021954 3.1199364195988752 -31.04443153319788 2.913083 17 4.2989655 16.389723 12.0 0 0.96234673 20.447678 20.119179 20.751774 20.17981 20.184221 20.242548 20.077507 19.704115 19.311747 19.764305 19.777493 19.777323 0.076063745 0.117130026 0.3747296 0.18065853 0.16416743 0.055574603 0.11855005 0.032580126 0.029551944 0.046799097 0.13752155 0.09124336 "[VV2006] J001228.8-310241" 3.1199810631 -31.0444762048 0.0 0.0 90.0 3 "00 12 28.79546" "-31 02 40.1143" A 2020yCat.1350....0G QSO *|QSO 208525.879 "" 1.36 "" "" "" "" "" 0.78 0.127 0.573 0.364 90.0 "" "" "" "" 20.81 "" "" "" "" "" "" "" "" "" 0.211714
