Star-v5/Halpha-DR3_PStotal-STAR_total-clean-unique-simbad-nonspectra.ecsv
# %ECSV 1.0
# ---
# datatype:
# - {name: Field, datatype: string}
# - {name: ID, datatype: string}
# - {name: RA, datatype: float64}
# - {name: DEC, datatype: float64}
# - {name: FWHM, datatype: float64}
# - {name: ISOarea, datatype: int64}
# - {name: KRON_RADIUS, datatype: float64}
# - {name: MU_MAX, datatype: float64}
# - {name: nDet_PStotal, datatype: float64}
# - {name: PhotoFlagDet, datatype: int64}
# - {name: CLASS_STAR, datatype: float64}
# - {name: u_PStotal, datatype: float64}
# - {name: J0378_PStotal, datatype: float64}
# - {name: J0395_PStotal, datatype: float64}
# - {name: J0410_PStotal, datatype: float64}
# - {name: J0430_PStotal, datatype: float64}
# - {name: g_PStotal, datatype: float64}
# - {name: J0515_PStotal, datatype: float64}
# - {name: r_PStotal, datatype: float64}
# - {name: J0660_PStotal, datatype: float64}
# - {name: i_PStotal, datatype: float64}
# - {name: J0861_PStotal, datatype: float64}
# - {name: z_PStotal, datatype: float64}
# - {name: e_u_PStotal, datatype: float64}
# - {name: e_J0378_PStotal, datatype: float64}
# - {name: e_J0395_PStotal, datatype: float64}
# - {name: e_J0410_PStotal, datatype: float64}
# - {name: e_J0430_PStotal, datatype: float64}
# - {name: e_g_PStotal, datatype: float64}
# - {name: e_J0515_PStotal, datatype: float64}
# - {name: e_r_PStotal, datatype: float64}
# - {name: e_J0660_PStotal, datatype: float64}
# - {name: e_i_PStotal, datatype: float64}
# - {name: e_J0861_PStotal, datatype: float64}
# - {name: e_z_PStotal, datatype: float64}
# - {name: main_id, datatype: string}
# - {name: ra_x, datatype: float64}
# - {name: dec_x, datatype: float64}
# - {name: coo_err_maj, datatype: float64}
# - {name: coo_err_min, datatype: float64}
# - {name: coo_err_angle, datatype: float64}
# - {name: nbref, datatype: int64}
# - {name: ra_sexa, datatype: string}
# - {name: dec_sexa, datatype: string}
# - {name: coo_qual, datatype: string}
# - {name: coo_bibcode, datatype: string}
# - {name: main_type, datatype: string}
# - {name: other_types, datatype: string}
# - {name: radvel, datatype: float64}
# - {name: radvel_err, datatype: float64}
# - {name: redshift, datatype: float64}
# - {name: redshift_err, datatype: float64}
# - {name: sp_type, datatype: string}
# - {name: morph_type, datatype: float64}
# - {name: plx, datatype: float64}
# - {name: plx_err, datatype: float64}
# - {name: pmra, datatype: float64}
# - {name: pmdec, datatype: float64}
# - {name: pm_err_maj, datatype: float64}
# - {name: pm_err_min, datatype: float64}
# - {name: pm_err_pa, datatype: float64}
# - {name: size_maj, datatype: float64}
# - {name: size_min, datatype: float64}
# - {name: size_angle, datatype: float64}
# - {name: B, datatype: float64}
# - {name: V, datatype: float64}
# - {name: R_x, datatype: float64}
# - {name: J, datatype: float64}
# - {name: H, datatype: float64}
# - {name: K, datatype: float64}
# - {name: u, datatype: float64}
# - {name: g, datatype: float64}
# - {name: r_xa, datatype: float64}
# - {name: i, datatype: float64}
# - {name: z, datatype: float64}
# - {name: angDist, datatype: float64}
# schema: astropy-2.0
Field ID RA DEC FWHM ISOarea KRON_RADIUS MU_MAX nDet_PStotal PhotoFlagDet CLASS_STAR u_PStotal J0378_PStotal J0395_PStotal J0410_PStotal J0430_PStotal g_PStotal J0515_PStotal r_PStotal J0660_PStotal i_PStotal J0861_PStotal z_PStotal e_u_PStotal e_J0378_PStotal e_J0395_PStotal e_J0410_PStotal e_J0430_PStotal e_g_PStotal e_J0515_PStotal e_r_PStotal e_J0660_PStotal e_i_PStotal e_J0861_PStotal e_z_PStotal main_id ra_x dec_x coo_err_maj coo_err_min coo_err_angle nbref ra_sexa dec_sexa coo_qual coo_bibcode main_type other_types radvel radvel_err redshift redshift_err sp_type morph_type plx plx_err pmra pmdec pm_err_maj pm_err_min pm_err_pa size_maj size_min size_angle B V R_x J H K u g r_xa i z angDist
SPLUS-n14s03 iDR3.SPLUS-n14s03.023094 152.8181274669201 -17.691006662063717 2.1624088 525 2.5470395 10.630968 12.0 0 0.98556316 16.675 16.575087 16.565655 16.527618 16.304626 15.712595 15.602545 14.579465 14.0418 14.135739 13.788973 13.767706 0.008367871 0.010959222 0.016197262 0.013490986 0.01168062 0.0036377683 0.006542854 0.0019118824 0.0017056591 0.0015655286 0.0022590514 0.0016148265 "ATO J152.8181-17.6910" 152.8181162487 -17.6909980957 0.0 0.0 90.0 1 "10 11 16.34790" "-17 41 27.5931" A 2018yCat.1345....0G V* *|IR|V* "" "" "" "" "" "" 0.0332 0.0301 -0.402 -1.291 0.048 0.045 90.0 "" "" "" 16.077 14.876 14.978 12.14 11.338 11.004 "" 15.533 14.335 13.771 "" 0.049309
SPLUS-s23s45 iDR3.SPLUS-s23s45.020422 352.25183229093045 -29.77943600230389 2.044366 246 2.8794162 11.472648 12.0 0 0.9949884 15.014418 15.0137825 14.86295 15.40941 15.349426 15.492199 15.61466 15.360847 15.001359 15.375683 15.355514 15.372553 0.0036281033 0.005232113 0.006912789 0.007903258 0.0074264407 0.0033800846 0.0068050027 0.0027771622 0.0027179983 0.0028790685 0.005049378 0.0038802992 "GD 1662" 352.2519639981 -29.7794390723 0.0 0.0 90.0 154 "23 29 00.47136" "-29 46 45.9807" A 2020yCat.1350....0G CataclyV* *|CV*|CV?|IR|No*|SB*|V*|X|blu 33.0 "" 0.0001101 "" OBe "" 1.6402 0.0204 -13.848 -6.006 0.015 0.019 90.0 "" "" "" "" "" "" 12.839 12.79 12.699 "" "" "" "" "" 0.41168
SPLUS-s26s50 iDR3.SPLUS-s26s50.002280 319.5178198321214 -34.22870112817704 2.2525218 245 2.9232867 12.185197 12.0 0 0.99263054 15.688907 15.642181 15.974881 16.06849 15.877293 16.180721 16.262272 15.903326 15.288493 15.884396 15.512299 15.861019 0.005097972 0.0066768196 0.010637249 0.010216351 0.009255345 0.004519814 0.009045831 0.003455476 0.003104158 0.0034569358 0.0050895605 0.0041131326 "1RXS J211805.2-341343" 319.517910194 -34.2286055168 0.0 0.0 90.0 6 "21 18 04.29845" "-34 13 42.9799" A 2018yCat.1345....0G CataclyV* *|CV*|CV?|IR|X "" "" "" "" "" "" 3.7202 0.0628 -11.009 -29.838 0.076 0.064 90.0 "" "" "" 16.12 15.96 "" 14.918 14.46 14.158 "" 16.064 15.871 "" "" 0.436823
SPLUS-n07s41 iDR3.SPLUS-n07s41.026589 205.91016519674625 -8.234371065828142 3.3731456 194 3.209087 12.5739 12.0 0 0.9915205 15.942299 15.794027 15.686374 15.856902 15.948679 15.94547 15.914673 15.770126 15.452086 15.772181 15.619708 15.696314 0.005493663 0.007949956 0.010620637 0.009578522 0.009578453 0.0040983115 0.0075591253 0.0032521451 0.0032415562 0.0035002416 0.0060131866 0.0045240466 "V* HS Vir" 205.9101572505 -8.2344118751 0.0 0.0 90.0 58 "13 43 38.43774" "-08 14 03.8828" A 2020yCat.1350....0G CataclyV* *|CV*|IR|UV|V* "" "" "" "" "" "" 2.7043 0.0472 -9.201 3.925 0.054 0.056 90.0 "" "" "" "" "" "" 15.016 14.87 14.603 "" "" "" "" "" 0.149616
SPLUS-n18s15 iDR3.SPLUS-n18s15.013031 171.8227691471969 -23.320138157254476 2.209977 154 3.2748847 12.659367 12.0 0 0.9816768 18.601152 17.912169 17.42139 17.142616 16.949745 16.551674 16.61139 16.367746 16.168755 16.35971 16.173508 16.335907 0.025551584 0.02384206 0.02584669 0.019996086 0.016829731 0.0058761756 0.011511813 0.004722817 0.004896669 0.0051097777 0.0080630295 0.007111657 "CRTS J112717.5-231912" 171.8227196325 -23.3201152637 0.0 0.0 90.0 3 "11 27 17.45271" "-23 19 12.4149" A 2020yCat.1350....0G RRLyr *|RR*|RR? "" "" "" "" "" "" 0.112 0.0715 -0.865 -0.948 0.071 0.06 90.0 "" "" "" "" 16.69 "" "" "" "" "" 17.134 16.717 16.343 16.747 0.183268
HYDRA-0053 iDR3.HYDRA-0053.009506 157.1671980507234 -29.986824557513728 2.4598012 118 3.1647305 13.1399 12.0 0 0.9815049 19.350523 18.748993 18.258324 17.715675 17.47319 17.227398 16.794304 16.44262 16.072409 16.067421 15.730285 15.872236 0.056480322 0.052785147 0.05411487 0.03371935 0.02602915 0.008699091 0.013914397 0.0047283727 0.0046129087 0.004012401 0.006001182 0.0046700183 "CRTS J102839.9-295911" 157.16727 -29.98685 "" "" 172.0 2 "10 28 40.14" "-29 59 12.7" C 2018AJ....156..241H EB* EB*|EB? "" "" "" "" "" "" "" "" "" "" "" "" "" "" "" "" "" 16.19 "" "" "" "" "" "" "" "" "" 0.242322
SPLUS-s31s44 iDR3.SPLUS-s31s44.019689 316.7000786165858 -40.334348615950496 5.5847573 152 3.5633929 13.553239 12.0 0 0.96844286 16.323307 16.17455 16.2767 16.352522 16.350523 16.493847 16.522545 16.525349 16.323256 16.664688 16.687103 16.76533 0.004562818 0.006020033 0.009798739 0.008361425 0.007852011 0.0050959294 0.0077477954 0.0041241855 0.0040744822 0.0055984342 0.012739448 0.016596898 "EC 21035-4032" 316.7 -40.3341666667 "" "" 172.0 1 "21 06 48.0" "-40 20 03" D 2015MNRAS.453.1879K Star * "" "" "" "" G2 "" "" "" "" "" "" "" "" "" "" "" "" 16.2 "" "" "" "" "" "" "" "" "" 0.689632
HYDRA-D-0002 iDR3.HYDRA-D-0002.076161 157.1051902305326 -34.22410184201701 1.7425 98 2.892184 13.075312 12.0 0 0.9809637 19.397682 19.384548 18.909615 18.081142 17.804726 17.462702 17.004951 16.666113 16.157818 16.359068 15.758803 16.174595 0.04013667 0.06639146 0.0750283 0.032594737 0.025392361 0.00771344 0.012822356 0.0047817607 0.0043972954 0.0043724715 0.00579361 0.005253848 "CRTS J102825.1-341324" 157.1052304216 -34.2241078516 0.0 0.0 90.0 1 "10 28 25.25530" "-34 13 26.7883" A 2018yCat.1345....0G EB* *|EB*|IR "" "" "" "" "" "" 0.7774 0.0581 -14.967 3.978 0.097 0.091 90.0 "" "" "" 17.261 16.387 "" 14.46 13.92 13.846 "" "" "" "" "" 0.121575
HYDRA-0080 iDR3.HYDRA-0080.032627 155.1756706372574 -33.83399007627319 2.0665846 116 3.1170084 12.701449 12.0 0 0.98897284 16.919079 16.711733 16.626297 16.709854 16.729862 16.752518 16.749348 16.660856 16.342617 16.602028 16.264845 16.535496 0.009916057 0.012188796 0.016131863 0.014597434 0.014112306 0.0060093617 0.011712189 0.005193621 0.00512503 0.0052784 0.007870954 0.006673468 "CRTS J102042.2-335002" 155.1756666667 -33.834 "" "" 172.0 2 "10 20 42.16" "-33 50 02.4" D 2014MNRAS.441.1186D CV*_Candidate CV? "" "" "" "" "" "" "" "" "" "" "" "" "" "" "" "" "" "" "" "" "" "" "" "" "" "" "" 0.037647
SPLUS-s25s12 iDR3.SPLUS-s25s12.007453 16.722666519750696 -32.72831437441763 2.137667 147 3.2830913 12.873341 12.0 0 0.9778816 17.19006 16.883648 16.904524 16.918987 16.857489 16.872787 16.803095 16.695087 16.507713 16.754473 16.674126 16.452251 0.009962523 0.0124978 0.018318512 0.01691437 0.016000638 0.0066214656 0.012628767 0.0053883903 0.0057256804 0.0061928187 0.011531024 0.0075129615 "2MASS J01065344-3243420" 16.722727018 -32.7283530739 0.0 0.0 90.0 5 "01 06 53.45448" "-32 43 42.0711" A 2020yCat.1350....0G AGN *|AG?|AGN|G|IR|UV|X 91517.765 55.0 0.3706998 0.0001835 "" "" 0.0011 0.0737 0.002 -0.128 0.066 0.051 90.0 "" "" "" 18.55 "" 17.27 15.938 15.113 13.995 "" "" "" "" "" 0.23017
SPLUS-n10s37 iDR3.SPLUS-n10s37.041962 201.0769997123189 -11.792860936759242 4.89766 141 3.9026372 14.297218 12.0 0 0.9816643 18.398293 17.656555 16.490232 17.278517 17.245369 17.104713 16.953125 16.759354 16.318731 16.669088 16.256145 16.613241 0.027436072 0.026241204 0.016868655 0.027178083 0.025252819 0.008999631 0.016514886 0.006888824 0.0055053364 0.00730219 0.00966105 0.009996552 "CRTS J132418.4-114734" 201.0769405584 -11.7928940466 0.0 0.0 90.0 5 "13 24 18.46573" "-11 47 34.4186" A 2020yCat.1350....0G RRLyr *|HB*|IR|Pu*|RR*|RR? "" "" "" "" "" "" 0.1495 0.0584 -2.755 -1.22 0.064 0.036 90.0 "" "" "" 17.2 16.31 "" 15.518 15.064 15.397 "" 16.341 16.64 16.302 16.406 0.240131
SPLUS-s29s46 iDR3.SPLUS-s29s46.072842 316.47319569385303 -37.14456181858315 1.896335 129 3.1229312 12.621682 12.0 0 0.8541697 16.42494 16.430645 16.393665 16.536879 16.53376 16.472448 16.822866 17.030285 16.201042 17.552546 17.814537 17.821917 0.0068142773 0.009748232 0.013611945 0.012251621 0.011860475 0.004633833 0.01076348 0.0055436236 0.004280252 0.00793243 0.018399647 0.0136445705 "PN G006.0-41.9" 316.4732204271 -37.1445499361 0.0 0.0 90.0 40 "21 05 53.57290" "-37 08 40.3798" A 2020yCat.1350....0G PN *|CV?|PN|blu "" "" "" "" "" "" 0.0929 0.0878 0.079 -3.736 0.088 0.076 90.0 "" "" "" 16.52 16.32 "" "" "" "" "" "" "" "" "" 0.082869
SPLUS-n16s18 iDR3.SPLUS-n16s18.018504 175.65814831106258 -20.45605247119997 2.4548626 93 3.6849134 13.58295 12.0 0 0.9821571 18.991854 18.29596 17.925095 17.714714 17.63602 17.342842 17.315687 17.067644 16.689234 16.962961 16.614643 16.878029 0.04911541 0.039094076 0.0432997 0.033238884 0.030317562 0.01050417 0.018688912 0.0072012767 0.006841814 0.006951685 0.011419565 0.009387786 "CRTS J114238.0-202722" 175.6580951358 -20.4560553563 0.0 0.0 90.0 4 "11 42 37.94283" "-20 27 21.7993" A 2020yCat.1350....0G RRLyr *|Pu*|RR*|RR? "" "" "" "" "" "" 0.1214 0.0766 -1.417 -2.01 0.092 0.06 90.0 "" "" "" "" 17.0 "" "" "" "" "" 17.233 17.038 17.148 17.142 0.17966
SPLUS-n14s14 iDR3.SPLUS-n14s14.057918 169.1815896684582 -17.194855188675877 2.2105641 113 3.330571 13.287314 12.0 0 0.9810626 17.631618 17.265484 17.256626 17.324944 17.227816 17.243217 17.15743 17.081772 16.818733 17.038082 16.852577 16.4491 0.014096993 0.020744065 0.024851684 0.022683043 0.020994551 0.008230063 0.01593722 0.0065881494 0.0065968493 0.007070652 0.011497754 0.0068582385 "[VV96] J111644.8-171127" 169.181507151 -17.1948761857 0.0 0.0 90.0 8 "11 16 43.56172" "-17 11 41.5543" A 2020yCat.1350....0G QSO *|AGN|IR|QSO|X 92368.487 "" 0.375 "" "" "" "" "" 0.021 0.022 0.067 0.061 90.0 "" "" "" 17.5 17.5 "" 15.88 15.084 14.244 "" "" "" "" "" 0.29368
SPLUS-n15s22 iDR3.SPLUS-n15s22.022570 180.1873094362587 -18.995686347147792 2.1086402 72 3.3047636 13.119205 12.0 0 0.9817897 17.812862 17.666359 17.611164 16.957268 16.799412 17.165705 17.254282 17.10395 16.821438 16.960526 16.762253 16.746422 0.017569052 0.024985652 0.034572344 0.020134328 0.017271325 0.00948445 0.019019036 0.007636882 0.0074738828 0.0073414696 0.01172878 0.008899049 "QSO B1158-1842" 180.1872713167 -18.9956887162 0.0 0.0 90.0 56 "12 00 44.94512" "-18 59 44.4794" A 2020yCat.1350....0G QSO *|EmO|IR|QSO|X 253396.48 "" 2.453 "" "" "" "" "" 0.007 -0.04 0.075 0.042 90.0 "" "" "" 17.22 16.93 "" 15.64 15.057 14.139 "" "" "" "" "" 0.130037
SPLUS-n12s40 iDR3.SPLUS-n12s40.010702 205.8792268775973 -15.316371740752832 2.0060656 66 3.3908508 12.998138 12.0 0 0.98474336 17.684706 17.38095 17.277676 17.282232 17.26458 17.16882 17.101238 16.90916 16.644619 16.802444 16.791206 16.734104 0.016523328 0.018896723 0.02565863 0.02395111 0.022529662 0.009249331 0.016643059 0.0069074547 0.006899862 0.0066799796 0.013332276 0.009108337 "[DCD2013] CSS J134330.9-151858" 205.87915 -15.31623 "" "" 172.0 1 "13 43 31.00" "-15 18 58.4" D 2013ApJ...763...32D RRLyr RR* "" "" "" "" "" "" "" "" "" "" "" "" "" "" "" "" "" 17.73 "" "" "" "" "" "" "" "" "" 0.575868
SPLUS-n09s43 iDR3.SPLUS-n09s43.035461 208.69386729420503 -10.684057890909807 3.7434523 79 3.8559294 14.022281 12.0 0 0.9827944 17.366352 17.096786 17.201849 17.224987 17.09742 17.201899 17.168602 17.085352 16.739338 17.052998 16.187008 16.520864 0.015494862 0.018861026 0.030403515 0.028150097 0.024487829 0.011213281 0.021183876 0.009211582 0.009409332 0.00967312 0.010414319 0.009434989 "QSO B1352-104" 208.6938280276 -10.6840708768 0.0 0.0 90.0 142 "13 54 46.51873" "-10 41 02.6552" A 2020yCat.1350....0G QSO *|AGN|Bla|G|IR|QSO|Rad|X|cm|gam 83249.818 "" 0.33 "" "" "" "" "" -0.05 -0.064 0.111 0.092 90.0 "" "" "" 18.2 18.4 "" 15.91 15.003 14.031 "" "" "" "" "" 0.146565
SPLUS-s29s31 iDR3.SPLUS-s29s31.008611 51.22630535895587 -37.950023693657016 1.988074 97 3.451294 13.211371 12.0 0 0.9506842 17.561771 17.19429 17.354282 17.39653 17.304403 17.369728 17.305878 17.222513 17.051134 17.319267 16.730946 16.831444 0.0143752 0.016157717 0.026076177 0.024678903 0.022055844 0.009692145 0.01778447 0.0076039224 0.007916986 0.008625812 0.011531201 0.008726164 "QSO B0323-381" 51.2263647108 -37.9500360716 0.0 0.0 90.0 6 "03 24 54.32753" "-37 57 00.1299" A 2020yCat.1350....0G QSO *|IR|QSO 85523.442 "" 0.341 "" "" "" 0.0046 0.0553 0.018 -0.064 0.051 0.067 90.0 "" "" "" 17.8 17.6 "" 15.815 14.902 13.872 "" "" "" "" "" 0.174279
STRIPE82-0130 iDR3.STRIPE82-0130.035257 330.8130711615091 1.2891533854468642 3.8791504 131 3.6974695 15.207894 12.0 0 0.9838142 16.458282 16.473541 16.482662 16.547413 16.591558 16.803116 16.851662 17.20943 17.157349 17.656195 17.868578 17.919329 0.007986775 0.011696159 0.017438384 0.014333804 0.013760831 0.0066471025 0.013913217 0.0084285205 0.008735297 0.012849817 0.031108342 0.028944945 "PB  5049" 330.8130306676 1.2891873953 0.0 0.0 90.0 3 "22 03 15.12736" "+01 17 21.0746" A 2020yCat.1350....0G Star *|blu "" "" "" "" "" "" 0.4665 0.1044 6.321 -7.05 0.103 0.085 90.0 "" "" "" 16.5 "" "" "" "" "" "" "" "" "" "" 0.190344
SPLUS-s24s25 iDR3.SPLUS-s24s25.039504 37.47787637713116 -30.599559376424764 2.495064 75 3.474333 13.541607 12.0 0 0.98283935 17.378244 17.003435 17.171207 17.307674 17.236546 17.31438 17.23248 17.324305 17.13926 17.434072 17.340403 16.89949 0.0117770415 0.0143717555 0.022623857 0.02127675 0.019633302 0.008439405 0.015697679 0.0074843694 0.007636593 0.008694187 0.016716875 0.008953402 "2QZ J022954.6-303558" 37.4779023205 -30.5995723885 0.0 0.0 90.0 7 "02 29 54.69656" "-30 35 58.4606" A 2020yCat.1350....0G Seyfert_1 *|AGN|G|Sy1|X 91731.976 45.0 0.3717805 0.0001501 "" "" 0.0574 0.081 0.099 -0.061 0.083 0.071 90.0 "" "" "" 18.94 19.03 18.33 "" "" "" "" "" "" "" "" 0.093043
SPLUS-s22s19 iDR3.SPLUS-s22s19.003524 26.913386215352126 -28.883097657544933 2.7818706 109 3.8255873 13.989678 12.0 0 0.97759664 17.95166 17.53149 17.64634 17.725552 17.52486 17.631035 17.536041 17.417088 17.089622 17.473864 17.329084 17.013168 0.017374024 0.020696742 0.032277327 0.03455885 0.027541416 0.011395305 0.021857807 0.008664438 0.008619698 0.009877991 0.017396718 0.010669611 "[VV2006] J014739.2-285259" 26.9134261765 -28.8831769855 0.0 0.0 90.0 4 "01 47 39.22228" "-28 52 59.4371" A 2020yCat.1350....0G QSO *|IR|QSO 89382.254 "" 0.36 "" "" "" "" "" 0.015 -0.053 0.115 0.074 90.0 "" "" "" "" 17.39 "" 16.304 15.5 14.257 "" "" "" "" "" 0.312127
SPLUS-s24s23 iDR3.SPLUS-s24s23.026646 34.866661573073486 -30.76277662129932 2.8434455 85 3.7151973 13.984338 12.0 0 0.9822785 17.425066 17.176054 17.145454 17.611431 17.667282 17.508165 17.699924 17.47025 16.785912 17.373587 16.964716 17.085983 0.014247931 0.0178085 0.025666397 0.031779196 0.033107385 0.012858812 0.02678324 0.0100150155 0.006892712 0.009127421 0.012585632 0.0105409045 "V* AX For" 34.866644059 -30.762728095 0.0 0.0 90.0 14 "02 19 27.99457" "-30 45 45.8211" A 2020yCat.1350....0G CataclyV* *|CV*|IR|V* "" "" "" "" "" "" 2.8349 0.0832 14.929 -8.425 0.114 0.105 90.0 "" "" "" 17.9 "" "" 16.391 15.671 15.359 "" "" "" "" "" 0.182903
SPLUS-s32s45 iDR3.SPLUS-s32s45.033728 318.10247638771125 -41.48147711626288 2.6314752 114 3.6218846 13.801866 12.0 0 0.9734843 17.620697 17.27629 17.431637 17.504526 17.427097 17.507923 17.44125 17.334705 16.984411 17.417744 17.10624 16.936779 0.015100701 0.017313011 0.027125899 0.02494963 0.022976063 0.009098446 0.017887138 0.007275569 0.006851163 0.008637905 0.01272438 0.009308247 "2MASS J21122459-4128534" 318.1025092642 -41.4815127106 0.0 0.0 90.0 7 "21 12 24.60222" "-41 28 53.4458" A 2020yCat.1350....0G AGN *|AG?|AGN|G|IR|UV|X 87135.907 45.0 0.348888 0.0001501 "" "" "" "" 0.053 -0.02 0.088 0.087 90.0 "" "" "" 18.56 "" 17.2 15.951 15.193 14.124 "" "" "" "" "" 0.155826
SPLUS-n11s34 iDR3.SPLUS-n11s34.016752 195.68164279128675 -13.931326571318332 2.3477015 69 3.452098 13.860684 12.0 0 0.98267746 18.339754 18.094866 18.096401 18.104895 17.959831 17.923235 17.857525 17.51646 17.217976 17.55911 17.645866 17.661524 0.019364132 0.024114596 0.03589015 0.032382388 0.02884353 0.011260783 0.021103283 0.007883449 0.00782408 0.0089293895 0.0183646 0.0137952 "[VV96] J130243.5-135553" 195.6815996529 -13.931333248 0.0 0.0 90.0 4 "13 02 43.58392" "-13 55 52.7997" A 2020yCat.1350....0G QSO *|IR|QSO 210527.081 299.792 1.391 0.001 "" "" 0.2322 0.1065 0.016 0.003 0.123 0.101 90.0 "" "" "" "" 18.1 "" 16.683 15.967 15.488 "" "" "" "" "" 0.152635
