Star-v5/Halpha-DR3_PStotal-STAR_total-clean-Final-hdbscan-group0.ecsv
# %ECSV 1.0
# ---
# datatype:
# - {name: Field, datatype: string}
# - {name: ID, datatype: string}
# - {name: RA, datatype: float64}
# - {name: DEC, datatype: float64}
# - {name: FWHM, datatype: float32}
# - {name: ISOarea, datatype: int32}
# - {name: KRON_RADIUS, datatype: float32}
# - {name: MU_MAX, datatype: float32}
# - {name: nDet_PStotal, datatype: float32}
# - {name: PhotoFlagDet, datatype: int16}
# - {name: CLASS_STAR, datatype: float32}
# - {name: u_PStotal, datatype: float32}
# - {name: J0378_PStotal, datatype: float32}
# - {name: J0395_PStotal, datatype: float32}
# - {name: J0410_PStotal, datatype: float32}
# - {name: J0430_PStotal, datatype: float32}
# - {name: g_PStotal, datatype: float32}
# - {name: J0515_PStotal, datatype: float32}
# - {name: r_PStotal, datatype: float32}
# - {name: J0660_PStotal, datatype: float32}
# - {name: i_PStotal, datatype: float32}
# - {name: J0861_PStotal, datatype: float32}
# - {name: z_PStotal, datatype: float32}
# - {name: e_u_PStotal, datatype: float32}
# - {name: e_J0378_PStotal, datatype: float32}
# - {name: e_J0395_PStotal, datatype: float32}
# - {name: e_J0410_PStotal, datatype: float32}
# - {name: e_J0430_PStotal, datatype: float32}
# - {name: e_g_PStotal, datatype: float32}
# - {name: e_J0515_PStotal, datatype: float32}
# - {name: e_r_PStotal, datatype: float32}
# - {name: e_J0660_PStotal, datatype: float32}
# - {name: e_i_PStotal, datatype: float32}
# - {name: e_J0861_PStotal, datatype: float32}
# - {name: e_z_PStotal, datatype: float32}
# - {name: Label, datatype: int64}
# - {name: P(Blue), datatype: float64}
# - {name: P(Red), datatype: float64}
# meta: !!omap
# - {TCOMM1: description}
# - {TCOMM2: description}
# - {TCOMM3: description}
# - {TCOMM4: description}
# - {TCOMM5: description}
# - {TCOMM6: description}
# - {TCOMM7: description}
# - {TCOMM8: description}
# - {TCOMM9: description}
# - {TCOMM10: description}
# - {TCOMM11: description}
# - {TCOMM12: description}
# - {TCOMM13: description}
# - {TCOMM14: description}
# - {TCOMM15: description}
# - {TCOMM16: description}
# - {TCOMM17: description}
# - {TCOMM18: description}
# - {TCOMM19: description}
# - {TCOMM20: description}
# - {TCOMM21: description}
# - {TCOMM22: description}
# - {TCOMM23: description}
# - {TCOMM24: description}
# - {TCOMM25: description}
# - {TCOMM26: description}
# - {TCOMM27: description}
# - {TCOMM28: description}
# - {TCOMM29: description}
# - {TCOMM30: description}
# - {TCOMM31: description}
# - {TCOMM32: description}
# - {TCOMM33: description}
# - {TCOMM34: description}
# - {TCOMM35: description}
# - {DATE-HDU: '2022-08-03T03:18:20'}
# - {STILVERS: 3.3-2}
# - {STILCLAS: uk.ac.starlink.fits.FitsTableWriter}
# schema: astropy-2.0
Field ID RA DEC FWHM ISOarea KRON_RADIUS MU_MAX nDet_PStotal PhotoFlagDet CLASS_STAR u_PStotal J0378_PStotal J0395_PStotal J0410_PStotal J0430_PStotal g_PStotal J0515_PStotal r_PStotal J0660_PStotal i_PStotal J0861_PStotal z_PStotal e_u_PStotal e_J0378_PStotal e_J0395_PStotal e_J0410_PStotal e_J0430_PStotal e_g_PStotal e_J0515_PStotal e_r_PStotal e_J0660_PStotal e_i_PStotal e_J0861_PStotal e_z_PStotal Label P(Blue) P(Red)
[from data line 39]
STRIPE82-0125 iDR3.STRIPE82-0125.003248 327.3774805911879 -1.3517377384547447 2.4184792 27 4.2984743 14.589247 12.0 0 0.9780872 22.498503 22.10245 21.548904 22.61267 21.023365 19.831314 19.85561 18.70919 18.182129 18.231834 18.028242 18.001713 0.699283 0.71198285 0.6297876 1.6687204 0.37922382 0.05333517 0.10946077 0.01849829 0.014546545 0.015020595 0.0268291 0.020270783 0 5.32331960710518e-309 1.0
STRIPE82-0113 iDR3.STRIPE82-0113.002194 318.65305871869106 -1.3417087196890056 2.1994708 40 3.7356298 15.264766 12.0 0 0.9815851 23.862896 24.268044 23.304655 21.601017 22.432718 20.138842 20.103495 18.765396 18.053627 17.910736 17.6375 17.4971 2.2158616 4.956351 3.411874 0.5736612 1.1751515 0.047372375 0.1252332 0.017804718 0.013159107 0.011693194 0.019244453 0.013169119 0 0.15108267508768752 0.5930969902694516
STRIPE82-0063 iDR3.STRIPE82-0063.022983 43.96117970702898 -0.7349344276911398 3.0907717 45 4.0139647 15.842476 11.0 0 0.97179115 99.0 22.180916 21.566341 21.90483 21.098656 20.228767 20.11924 18.878208 18.320827 18.173904 17.70856 17.835812 22.191364 0.822345 0.8159108 0.8607943 0.36604396 0.05126592 0.13704751 0.020869592 0.016534386 0.014500117 0.023291765 0.018272761 0 0.10499494994115063 0.7226354395736447
SPLUS-s24s66 iDR3.SPLUS-s24s66.017723 342.68090155880117 -31.141854597890084 4.094361 78 5.3957686 16.018814 12.0 0 0.90997005 20.741049 20.733704 21.028677 20.593914 20.667116 19.998465 19.839378 18.87672 17.456272 18.817865 18.096886 18.266861 0.1189857 0.21374406 0.47992674 0.26488677 0.2656786 0.05822182 0.10372293 0.021633465 0.009318899 0.02847959 0.026270794 0.026157351 0 0.05642715559453778 0.7584832409967982
HYDRA-0111 iDR3.HYDRA-0111.025019 165.64269720841753 -38.02671535773152 2.4389756 43 3.7801719 15.725449 12.0 0 0.97784024 22.984282 21.96374 21.427994 20.615139 21.063595 20.097637 19.941404 18.8166 17.88616 18.139172 17.81031 17.806376 0.90304637 0.6218553 0.6996803 0.27131304 0.3699764 0.047353044 0.11217275 0.018855209 0.013305688 0.013938661 0.04840077 0.017424906 0 0.06870721337712679 0.7853405726899154
HYDRA-0145 iDR3.HYDRA-0145.142447 151.52335579734944 -44.16054904532799 2.0166755 31 3.631501 14.886055 12.0 0 0.9996105 22.15179 22.687323 21.721985 21.275864 21.046265 19.931995 20.039074 18.842108 18.107096 18.384956 18.171116 18.107897 0.48550582 1.1542419 0.7281725 0.39529264 0.2968879 0.04253687 0.10178383 0.019636227 0.013990386 0.01740886 0.030461553 0.023129323 0 5.42931060346742e-309 1.0
HYDRA-0160 iDR3.HYDRA-0160.132732 151.05726794621046 -47.07188406954049 2.966289 33 2.485025 15.298143 12.0 0 0.9511631 24.350315 22.62672 23.50962 20.557892 20.948227 19.949572 19.814175 18.756935 18.209814 18.29457 18.151545 18.041039 5.641371 1.6295482 5.4963293 0.3397256 0.49359208 0.08732056 0.15522927 0.02642161 0.018970644 0.01994688 0.0323794 0.027090933 0 4.9050083567178e-309 1.0
HYDRA-0082 iDR3.HYDRA-0082.050415 159.06359426944306 -33.535955631385264 5.581835 42 4.1260576 14.994934 12.0 0 0.97954863 22.921955 22.034912 23.260519 20.303677 20.444565 19.835796 19.731396 18.76654 17.937263 18.286657 18.064663 18.039597 0.8293032 0.5538802 2.7586486 0.16281618 0.17618963 0.036402505 0.07498112 0.017498514 0.011684653 0.014995159 0.024055108 0.020456828 0 5.583882055921896e-309 1.0
STRIPE82-0087 iDR3.STRIPE82-0087.032068 300.98773827599746 -1.0874824643369292 3.026123 43 3.9736512 16.334547 12.0 0 0.97871196 22.147154 21.584057 22.13919 21.487236 20.720152 20.166212 20.191067 18.988096 18.291065 18.484337 18.320435 18.183155 0.41131705 0.5627823 1.3284023 0.53324 0.24735755 0.045401093 0.12585895 0.01942809 0.014875955 0.01711019 0.030032031 0.023055589 0 4.74519160586731e-309 1.0
STRIPE82-0087 iDR3.STRIPE82-0087.112064 301.0697180983808 -0.39164585113364914 5.061633 63 4.148196 16.450945 11.0 0 0.88554853 23.24966 99.0 21.161272 20.70746 21.250973 20.189428 20.2281 19.059774 18.536045 18.459003 18.217577 18.167984 1.1349713 21.3679 0.5498955 0.26107892 0.3945214 0.045858357 0.12874417 0.020388523 0.01770702 0.01667866 0.027339112 0.022548098 0 4.71048195721827e-309 1.0
STRIPE82-0088 iDR3.STRIPE82-0088.052639 300.4874973119102 0.5204248823791014 3.1792657 45 3.7999141 16.285057 12.0 0 0.93967175 25.011293 22.115253 21.03785 20.933733 20.790388 20.237846 19.859734 18.962666 18.28818 18.346003 17.611576 17.88118 5.1905723 0.919462 0.59162116 0.406838 0.38129884 0.076715745 0.15347727 0.030967547 0.019559253 0.021526102 0.026858093 0.022465259 0 0.09167727235759343 0.762370513709449
STRIPE82-0162 iDR3.STRIPE82-0162.021940 352.41857674347625 0.6706256442230438 2.2797914 26 3.8335555 15.687837 11.0 0 0.97957367 21.77807 23.624992 99.0 22.564125 21.640001 20.347055 20.188007 19.000687 17.931845 18.300663 18.04644 17.963493 0.5054669 3.4690807 21.039818 1.6349546 0.64598113 0.087005116 0.15420225 0.025370711 0.01268297 0.020148963 0.02675379 0.019963428 0 0.10390623541488711 0.7422267791455617
SPLUS-s27s13 iDR3.SPLUS-s27s13.026446 19.480725401467925 -34.759450016313956 5.639038 67 3.9574661 15.813568 12.0 0 0.8991281 21.90247 21.630806 21.09993 20.686703 20.647175 20.272673 19.926857 19.024166 18.070885 18.692978 18.093523 18.261879 0.32845154 0.4155583 0.41083917 0.27505174 0.24235396 0.060140762 0.102769956 0.024280347 0.014487986 0.025268085 0.040464688 0.032401882 0 0.03591117118009741 0.8614983589974716
SPLUS-s26s20 iDR3.SPLUS-s26s20.014772 30.070720875882834 -33.80434721376681 2.5442655 46 4.074715 15.251258 12.0 0 0.7561851 21.322468 21.390244 20.797411 20.659943 20.655968 20.145103 19.740131 18.969818 18.500587 18.52776 18.017614 18.124887 0.2758833 0.50336653 0.4846614 0.40470436 0.3774539 0.0863921 0.12949254 0.026686229 0.020403108 0.020345759 0.029576413 0.02379651 0 4.64994369824947e-309 1.0
SPLUS-s19s24 iDR3.SPLUS-s19s24.024604 318.5461777966166 -24.267540361812284 6.0379696 56 5.411625 16.386585 12.0 0 0.8373538 21.197746 20.777166 20.70569 21.008766 20.502438 20.144804 19.89632 19.03564 17.685387 18.919655 18.15051 18.423466 0.15578146 0.19425853 0.35062465 0.40073916 0.26654315 0.069798626 0.13202913 0.032144856 0.01670796 0.04128751 0.044946596 0.048709445 0 0.05898286373139875 0.8089819116705036
SPLUS-s20s24 iDR3.SPLUS-s20s24.039602 317.6373777003359 -25.569737185618095 2.040637 31 3.6072543 14.891815 12.0 0 0.99982303 23.559505 22.310331 21.749495 21.728155 20.85453 20.108074 20.014599 18.95364 18.15271 18.453335 18.27183 18.242891 1.1141622 0.6104778 0.63128716 0.5461869 0.25067914 0.045561068 0.09542428 0.019141708 0.014559335 0.01710073 0.031065729 0.023849353 0 5.125637639580806e-309 1.0
SPLUS-n14s19 iDR3.SPLUS-n14s19.056644 175.5145118795228 -17.134776808220042 2.5786066 32 3.703614 15.33079 12.0 0 0.97587013 22.808062 22.608402 21.349224 20.781645 21.24078 20.260193 20.236813 19.102081 18.142212 18.582727 18.3858 18.3292 0.65568477 1.0644872 0.46768314 0.2413478 0.3516053 0.05269556 0.11530814 0.022220906 0.013616774 0.019250266 0.034358002 0.026156135 0 4.93027983975196e-309 1.0
SPLUS-n15s05 iDR3.SPLUS-n15s05.016283 155.31527239101098 -19.06728599948269 2.920779 29 4.44845 15.507707 12.0 0 0.97152203 22.42519 21.793728 20.759844 23.595436 21.463112 20.260492 20.700157 19.020357 18.364887 18.476662 18.282032 18.140734 1.0969806 0.86652666 0.51002747 6.966825 0.98115885 0.13105209 0.3819725 0.033739023 0.022213327 0.022503635 0.037350174 0.026084514 0 4.302418338606464e-309 1.0
HYDRA-0126 iDR3.HYDRA-0126.008373 160.14354515001318 -41.08946408391036 1.8662639 33 3.2354305 14.655132 12.0 0 0.99167067 22.299227 22.354622 22.399302 21.096676 21.284737 20.209509 20.195332 18.971684 18.294739 18.281712 18.017054 17.909506 0.39336753 0.7634579 1.3044634 0.29962015 0.3416936 0.046952374 0.10571494 0.018875184 0.0144067155 0.0147076305 0.024236422 0.01789811 0 0.07049513494852848 0.7070509753040597
HYDRA-0026 iDR3.HYDRA-0026.026456 159.50127714487684 -25.46366543452096 1.7407815 17 3.8829792 14.411637 11.0 0 0.96698517 22.723162 99.0 21.080149 21.03709 21.364632 20.288591 20.21137 19.04229 18.300766 18.207695 17.924408 17.877945 0.78078973 21.63431 0.48450637 0.53102696 0.6523413 0.10771328 0.20015176 0.03307687 0.021605872 0.019430006 0.029947411 0.022526909 0 0.10979303860441111 0.6400178856597835
HYDRA-0141 iDR3.HYDRA-0141.035428 157.1805128990359 -43.50659297712311 3.408509 37 3.43855 15.84313 12.0 0 0.97696316 22.118774 21.458435 21.59264 20.589142 20.515596 20.085358 19.959637 19.040749 18.587038 18.548317 17.941751 18.262318 0.46467078 0.38953155 0.71249956 0.25461483 0.23660478 0.054816775 0.10306817 0.021996671 0.019901885 0.019872745 0.027766325 0.026906243 0 5.534221256723313e-309 1.0
SPLUS-s29s44 iDR3.SPLUS-s29s44.028559 72.37680237075003 -37.47864211298977 2.427069 41 4.228999 15.324313 10.0 0 0.9765042 23.14144 99.0 24.612698 99.0 20.698761 20.53308 20.535213 19.203875 18.257177 18.341354 18.031372 17.92072 0.96895766 21.745434 12.061999 21.218773 0.2924744 0.074351124 0.18658538 0.02572839 0.01541101 0.016458781 0.026908938 0.019123694 0 0.16088493995459288 0.662015117659154
SPLUS-s25s47 iDR3.SPLUS-s25s47.029105 73.55287502247484 -31.98780657754398 2.3492024 25 4.3032603 16.020216 12.0 0 0.9758172 24.106823 21.563473 22.170414 21.465534 21.449123 20.40331 20.175371 19.256104 18.764019 18.80935 18.666039 18.581976 2.4055648 0.4338186 1.3237121 0.55642724 0.5266475 0.063141465 0.12607418 0.025061997 0.020488368 0.025669489 0.051882558 0.040698957 0 5.270880247279997e-309 1.0
SPLUS-n02s38 iDR3.SPLUS-n02s38.020044 201.41733947691347 -1.5458824801158597 2.4323819 28 3.7200437 15.0964775 11.0 0 0.9761056 99.0 23.004814 21.672684 22.755802 20.905153 20.54541 20.204935 19.202736 18.605629 18.540176 18.339592 18.204948 22.573368 1.1555437 0.5860297 1.2915924 0.25042042 0.065148816 0.10670858 0.02353397 0.017510165 0.017813276 0.033775058 0.022466846 0 0.09153222714009462 0.7268389257485253
HYDRA-0017 iDR3.HYDRA-0017.006125 159.47885157911082 -24.42906249628565 4.4164124 35 4.2538996 16.413769 12.0 0 0.8114663 21.886658 21.298294 20.540802 22.122538 20.880291 20.598589 20.25148 19.258667 18.75928 19.034674 18.289215 18.23791 0.43805465 0.3999506 0.3318845 1.3677331 0.41971463 0.12057943 0.20314667 0.04284911 0.03521186 0.051215537 0.060973417 0.04601087 0 0.09395474516020612 0.6986525732600123
STRIPE82-0008 iDR3.STRIPE82-0008.042225 4.36555053346315 1.0491831700513166 2.551701 51 3.964539 15.279205 12.0 0 0.90008056 21.358408 20.716225 20.613197 20.66934 20.789125 20.244371 19.943525 19.170685 18.30591 18.829628 18.35056 18.378551 0.17604616 0.15111974 0.21922272 0.18728468 0.19361657 0.045837894 0.084432416 0.021429176 0.013761949 0.022448512 0.035969 0.028413942 0 5.314476556188324e-309 1.0
SPLUS-n16s06 iDR3.SPLUS-n16s06.002103 158.6802427980715 -20.907170305788394 2.057805 27 4.180362 15.161097 10.0 0 0.96904 99.0 99.0 21.862572 20.998135 21.423595 20.563456 20.317043 19.268703 18.018225 18.569565 18.378849 18.349665 22.435158 21.913649 0.7692942 0.30354148 0.43339926 0.07200062 0.12868427 0.02686062 0.013066258 0.021740908 0.037968993 0.032492157 0 0.04598963502484558 0.7608391303753335
SPLUS-n12s41 iDR3.SPLUS-n12s41.071638 207.9495029175492 -14.369124938844184 2.4974148 44 3.4026508 15.097319 12.0 0 0.9810634 23.113668 23.028664 21.66373 21.670425 21.276926 20.491743 20.157614 19.203228 18.384865 18.307323 18.00259 17.908533 0.61446595 0.82621574 0.40167305 0.34972462 0.23361602 0.043161526 0.072237745 0.016706692 0.0111114 0.0110315215 0.018849587 0.013852136 0 0.14488166440010192 0.5644881424352901
SPLUS-n03s44 iDR3.SPLUS-n03s44.032113 208.88961858470066 -2.485404525733912 2.1720781 22 3.4566898 15.299901 11.0 0 0.99772793 99.0 22.498219 22.690353 22.4412 21.463675 20.577019 20.283777 19.23919 17.240425 18.580568 18.279762 18.289167 22.421122 0.8108625 1.7063608 1.1175262 0.46822646 0.07843327 0.12862751 0.028284976 0.008348317 0.024696443 0.049515415 0.03657802 0 0.07846652395314498 0.7755812621138973
HYDRA-0115 iDR3.HYDRA-0115.073372 156.31324775142613 -38.84647003417361 2.2915316 39 3.6086144 14.975521 11.0 0 0.97815216 23.238886 22.607635 99.0 21.865932 22.535652 20.575523 20.463692 19.224804 18.419493 18.240704 17.945602 17.852942 1.3124229 1.0206627 21.299002 0.6798967 1.1837674 0.07113986 0.14427972 0.022895578 0.015239588 0.013883879 0.021631092 0.015821483 0 0.16850437974801274 0.5636680982295664
HYDRA-0162 iDR3.HYDRA-0162.177959 155.02716387060363 -46.66471489601969 2.9062235 24 2.8182576 15.875129 11.0 0 0.95542854 21.673521 99.0 22.459415 21.209389 21.467472 20.375347 20.302536 19.291443 17.840706 18.84496 18.692703 18.578506 0.29220065 21.82535 1.3707248 0.40407217 0.48677653 0.06781738 0.13397199 0.027486846 0.012175927 0.024209367 0.044105735 0.0342268 0 5.54180920549911e-309 1.0
HYDRA-0143 iDR3.HYDRA-0143.065112 161.26658418576494 -43.12306328967973 3.0247993 41 4.2010884 15.730343 12.0 0 0.9195507 21.20045 21.582985 20.839725 22.277063 20.634865 20.456661 20.321644 19.262814 18.78298 18.798481 18.328693 18.386429 0.20448743 0.44330075 0.3547737 1.2370987 0.27208862 0.09978867 0.1764648 0.030082492 0.02451432 0.024147771 0.034507997 0.028841108 0 4.489656945717125e-309 1.0
HYDRA-0128 iDR3.HYDRA-0128.002394 163.53289177124336 -41.14836145233572 3.203193 32 3.9354734 15.68468 11.0 0 0.9120189 23.07839 22.70138 99.0 21.461718 21.185894 20.313183 20.31023 19.121115 18.537304 18.610855 18.399967 18.335331 0.882902 0.96653324 21.347414 0.47453243 0.356739 0.06873095 0.13201265 0.023471326 0.017917056 0.02152093 0.0404117 0.031939372 0 4.730658434192437e-309 1.0
HYDRA-0152 iDR3.HYDRA-0152.116005 150.35891689602002 -45.82298822152753 3.7334177 65 4.4997387 15.649428 12.0 0 0.707992 25.355804 22.068398 22.62123 21.00562 23.953636 20.481243 20.09411 19.28257 18.016996 18.598763 18.232645 18.147322 8.721191 0.6514828 1.6988208 0.32925546 4.5733523 0.06885302 0.11350129 0.02714956 0.013734369 0.020467227 0.034042623 0.023232795 0 0.10304472095294319 0.6938165738940194
SPLUS-s03s01 iDR3.SPLUS-s03s01.006221 324.469678643108 -3.2950425957190133 3.289187 43 4.769972 15.963675 12.0 0 0.76096433 22.06581 21.51173 22.197851 20.847786 21.230358 20.525543 20.58801 19.376322 18.21016 19.260677 18.626057 18.7509 0.3445208 0.33269948 1.0032015 0.27407625 0.36143717 0.066679 0.15726787 0.027670944 0.014106952 0.035736583 0.047428686 0.043969654 0 0.031590649160893505 0.7738029584243545
STRIPE82-0133 iDR3.STRIPE82-0133.022490 332.8678209695767 -0.8097588612512464 3.4422789 39 4.5215716 16.784464 12.0 0 0.83168024 21.35639 21.526897 21.128595 20.889114 20.712427 20.711445 20.238834 19.491764 18.834625 19.049353 18.535797 18.652884 0.24396369 0.4398331 0.4798086 0.3034986 0.24744745 0.07867026 0.14687124 0.033250853 0.024710942 0.030194478 0.046290994 0.03960981 0 4.47781189173092e-309 1.0
STRIPE82-0144 iDR3.STRIPE82-0144.013719 340.6974539115072 0.34156870534984674 4.466896 43 4.1948576 16.12446 11.0 0 0.97400594 99.0 26.62521 24.43755 23.023352 21.687645 20.618261 20.524342 19.336576 18.430035 18.549564 18.310688 18.181768 22.349817 32.61235 7.5052686 1.6737291 0.46236894 0.06439726 0.13696216 0.024005415 0.014549786 0.017323157 0.030344136 0.022590782 0 0.1157565721181217 0.6920579103925664
STRIPE82-0099 iDR3.STRIPE82-0099.011117 308.8415057178947 -1.2370604293507987 2.043025 28 3.371905 16.13691 11.0 0 0.9694671 23.44656 99.0 21.96072 21.528477 20.894932 20.666359 20.105076 19.543348 18.689905 19.012407 18.079134 18.568235 1.1172733 22.21197 0.5132651 0.27973393 0.15202962 0.05445663 0.069097355 0.025274461 0.011852781 0.022816816 0.0193784 0.020934418 0 0.041680228982665574 0.7797594311370343
STRIPE82-0114 iDR3.STRIPE82-0114.029345 319.2401097946617 0.6551038809056509 2.8864036 27 3.7959187 16.569408 11.0 0 0.9593345 22.986761 99.0 23.897348 22.79227 21.475073 20.65696 20.43113 19.405563 18.777607 18.774603 18.618137 18.594694 1.3241471 21.474615 6.4535303 1.9045056 0.511441 0.08358784 0.17518452 0.035592344 0.022906557 0.0284009 0.04732937 0.044656407 0 4.411504949185396e-309 1.0
