Star-v5/Red1-Halpha-DR3_PStotal-STAR_total-clean-unique.ecsv
# %ECSV 1.0
# ---
# datatype:
# - {name: Field, datatype: string}
# - {name: ID, datatype: string}
# - {name: RA, datatype: float64}
# - {name: DEC, datatype: float64}
# - {name: FWHM, datatype: float32}
# - {name: ISOarea, datatype: int32}
# - {name: KRON_RADIUS, datatype: float32}
# - {name: MU_MAX, datatype: float32}
# - {name: nDet_PStotal, datatype: float32}
# - {name: PhotoFlagDet, datatype: int16}
# - {name: CLASS_STAR, datatype: float32}
# - {name: u_PStotal, datatype: float32}
# - {name: J0378_PStotal, datatype: float32}
# - {name: J0395_PStotal, datatype: float32}
# - {name: J0410_PStotal, datatype: float32}
# - {name: J0430_PStotal, datatype: float32}
# - {name: g_PStotal, datatype: float32}
# - {name: J0515_PStotal, datatype: float32}
# - {name: r_PStotal, datatype: float32}
# - {name: J0660_PStotal, datatype: float32}
# - {name: i_PStotal, datatype: float32}
# - {name: J0861_PStotal, datatype: float32}
# - {name: z_PStotal, datatype: float32}
# - {name: e_u_PStotal, datatype: float32}
# - {name: e_J0378_PStotal, datatype: float32}
# - {name: e_J0395_PStotal, datatype: float32}
# - {name: e_J0410_PStotal, datatype: float32}
# - {name: e_J0430_PStotal, datatype: float32}
# - {name: e_g_PStotal, datatype: float32}
# - {name: e_J0515_PStotal, datatype: float32}
# - {name: e_r_PStotal, datatype: float32}
# - {name: e_J0660_PStotal, datatype: float32}
# - {name: e_i_PStotal, datatype: float32}
# - {name: e_J0861_PStotal, datatype: float32}
# - {name: e_z_PStotal, datatype: float32}
# - {name: Label_k, datatype: int32}
# - {name: Label_sp, datatype: int32}
# - {name: Label_hier, datatype: int64}
# meta: !!omap
# - {TCOMM1: description}
# - {TCOMM2: description}
# - {TCOMM3: description}
# - {TCOMM4: description}
# - {TCOMM5: description}
# - {TCOMM6: description}
# - {TCOMM7: description}
# - {TCOMM8: description}
# - {TCOMM9: description}
# - {TCOMM10: description}
# - {TCOMM11: description}
# - {TCOMM12: description}
# - {TCOMM13: description}
# - {TCOMM14: description}
# - {TCOMM15: description}
# - {TCOMM16: description}
# - {TCOMM17: description}
# - {TCOMM18: description}
# - {TCOMM19: description}
# - {TCOMM20: description}
# - {TCOMM21: description}
# - {TCOMM22: description}
# - {TCOMM23: description}
# - {TCOMM24: description}
# - {TCOMM25: description}
# - {TCOMM26: description}
# - {TCOMM27: description}
# - {TCOMM28: description}
# - {TCOMM29: description}
# - {TCOMM30: description}
# - {TCOMM31: description}
# - {TCOMM32: description}
# - {TCOMM33: description}
# - {TCOMM34: description}
# - {TCOMM35: description}
# - {DATE-HDU: '2022-08-03T03:18:20'}
# - {STILVERS: 3.3-2}
# - {STILCLAS: uk.ac.starlink.fits.FitsTableWriter}
# schema: astropy-2.0
Field ID RA DEC FWHM ISOarea KRON_RADIUS MU_MAX nDet_PStotal PhotoFlagDet CLASS_STAR u_PStotal J0378_PStotal J0395_PStotal J0410_PStotal J0430_PStotal g_PStotal J0515_PStotal r_PStotal J0660_PStotal i_PStotal J0861_PStotal z_PStotal e_u_PStotal e_J0378_PStotal e_J0395_PStotal e_J0410_PStotal e_J0430_PStotal e_g_PStotal e_J0515_PStotal e_r_PStotal e_J0660_PStotal e_i_PStotal e_J0861_PStotal e_z_PStotal Label_k Label_sp Label_hier
[from data line 211]
SPLUS-n01s26 iDR3.SPLUS-n01s26.034364 184.21842826854342 0.12414261649328218 2.060302 28 3.6648247 14.682686 11.0 0 0.97956884 23.034811 99.0 22.016235 21.507092 22.690063 20.894068 20.881248 19.574236 17.417023 18.113596 17.660023 17.504158 0.76520795 21.925676 0.8622697 0.48250446 1.3203096 0.09109147 0.20111388 0.032043017 0.0091970805 0.014486374 0.02186237 0.015301551 1 0 1
SPLUS-n01s22 iDR3.SPLUS-n01s22.000070 179.35476816000107 -0.7121598369585268 3.6053376 16 4.621042 16.186625 8.0 0 0.7583195 23.740177 99.0 99.0 99.0 99.0 20.99043 22.380676 19.738167 19.196089 19.279251 18.797663 19.173763 2.0619397 21.579025 21.001661 21.14201 21.13994 0.15874761 1.2075274 0.049181562 0.036031105 0.04147845 0.067128 0.06502953 1 0 1
SPLUS-n12s28 iDR3.SPLUS-n12s28.002040 188.6216307539482 -15.52988398662197 3.3565404 32 4.627134 16.130116 10.0 0 0.88730454 22.151827 22.494074 22.23441 99.0 99.0 21.197426 21.154148 19.7668 18.470024 18.52277 18.046757 17.95292 0.54246867 1.1922197 1.8770604 21.043224 21.074778 0.18443577 0.39534944 0.05747191 0.018524874 0.027124392 0.03441826 0.03248827 1 0 1
SPLUS-n11s40 iDR3.SPLUS-n11s40.026795 204.50997941522604 -13.684085096354902 2.7795014 33 4.1658006 16.094458 11.0 0 0.8953971 22.318764 21.853657 99.0 21.813625 21.044525 21.14991 20.626686 19.641785 19.09716 19.346899 18.887943 18.892017 0.40304554 0.40351322 21.489716 0.5458794 0.2666097 0.10347051 0.15330656 0.0341449 0.02699521 0.033899985 0.05257906 0.04115563 1 0 1
SPLUS-n12s27 iDR3.SPLUS-n12s27.017169 187.77842356777106 -15.12102087626244 3.4613118 22 2.7721367 16.058094 12.0 0 0.50668263 21.218739 20.708138 21.505018 21.909622 20.484758 20.762867 20.17315 19.632927 19.039427 19.343903 18.611622 18.987389 0.28950566 0.27954775 0.85737306 1.2902166 0.35273015 0.18255676 0.21058078 0.05650072 0.040632293 0.048970487 0.058690432 0.05722382 1 0 1
HYDRA-0078 iDR3.HYDRA-0078.002797 151.85280483099615 -34.26870247832638 2.747953 26 3.387767 15.817441 11.0 0 0.9666817 23.17527 24.977814 21.530584 99.0 21.836685 21.160454 20.811687 19.718765 18.79242 19.00348 18.759132 18.618484 0.8448857 6.7670074 0.49386582 21.555643 0.6165437 0.110229045 0.19165418 0.03262625 0.02043529 0.026355032 0.049135994 0.034793448 1 0 1
HYDRA-0044 iDR3.HYDRA-0044.008977 157.65654349925984 -28.597032609214097 2.6650805 24 5.539508 16.51572 12.0 0 0.8892537 24.7461 21.700928 21.58394 21.165718 22.531788 20.748041 20.224354 19.646706 19.080168 19.018667 18.782404 18.726141 5.034088 0.55262125 0.84658635 0.5332626 1.7981467 0.099951066 0.1917382 0.041524306 0.04013107 0.03380429 0.06763709 0.045925025 1 0 1
SPLUS-s26s31 iDR3.SPLUS-s26s31.026727 48.64676974906038 -33.455085228877685 2.7898805 22 4.7499504 16.243229 11.0 0 0.961271 22.808447 22.674677 22.345818 22.01426 99.0 21.412016 20.931782 19.857033 18.949675 19.386534 19.31123 19.257992 0.59404355 0.9480714 1.3647152 0.8222786 21.369465 0.14223534 0.22138983 0.045835286 0.02362392 0.039252628 0.084444195 0.06440698 1 0 1
SPLUS-s26s38 iDR3.SPLUS-s26s38.046933 60.33082269990064 -32.87635440036846 3.6113708 29 5.347454 16.615005 12.0 0 0.8977535 22.426117 21.738663 21.980692 22.8337 22.904713 21.115112 20.798754 19.98238 19.281178 19.67594 19.24667 19.334654 0.3900684 0.3536367 0.7516295 1.4052116 1.5114022 0.101563774 0.18115893 0.038866602 0.027152747 0.04567625 0.071287036 0.07003076 1 0 1
SPLUS-s26s29 iDR3.SPLUS-s26s29.041955 44.372630607509976 -33.199132315050534 2.0455966 16 4.655098 15.928799 11.0 0 0.94849986 22.555473 22.930641 23.228355 23.00436 99.0 21.258226 20.565447 19.873665 18.977976 19.47263 19.547487 19.308636 0.6989591 1.6044877 3.3566835 2.7272265 21.116667 0.19427434 0.22157694 0.049885478 0.026829656 0.047436073 0.10049197 0.06962175 1 0 1
SPLUS-s30s39 iDR3.SPLUS-s30s39.036588 64.87730528125095 -38.30941903110111 2.3482423 25 4.100773 15.464479 9.0 0 0.9977311 99.0 22.064556 99.0 99.0 21.774748 20.932718 20.737324 19.782185 17.683073 18.372944 17.876366 17.772144 22.123741 0.77131325 20.846018 20.922918 1.0229354 0.14445476 0.2823021 0.045487143 0.012210201 0.021921165 0.032409612 0.023958722 1 0 1
SPLUS-s35s45 iDR3.SPLUS-s35s45.036860 324.10369177358746 -44.81895119669313 3.6954896 21 4.5653095 16.438784 11.0 0 0.6047161 99.0 22.599497 21.10675 22.123272 22.705853 21.21816 20.696106 19.843853 18.959639 19.439 19.016388 19.124863 22.50405 0.78263885 0.3456984 0.7396468 1.322378 0.12135019 0.18309972 0.043403525 0.025361488 0.044432882 0.08514554 0.12000999 1 0 1
STRIPE82-0007 iDR3.STRIPE82-0007.021478 4.824481473312118 -0.8064838485772009 2.771335 28 4.6258507 17.083645 12.0 0 0.9567141 21.778736 22.055033 21.098602 22.997948 20.78069 20.830072 20.508251 19.88474 19.399649 19.531357 19.00588 19.137875 0.32513312 0.6991631 0.4549886 1.9829476 0.25538796 0.08656204 0.17231248 0.04258766 0.034075923 0.039094366 0.061525702 0.050386146 1 0 1
STRIPE82-0083 iDR3.STRIPE82-0083.027096 57.77028133417981 -0.5462868202155821 2.7556014 21 4.6017327 17.020803 11.0 0 0.7787115 99.0 22.202318 21.698334 21.88924 20.914495 20.929474 20.612247 19.786976 19.233932 19.279957 18.978119 18.976618 22.02939 0.5405252 0.52961534 0.53266656 0.25866908 0.11515431 0.13395458 0.048670936 0.025162691 0.03875757 0.047569603 0.057326254 1 0 1
STRIPE82-0087 iDR3.STRIPE82-0087.060298 300.7805002309601 -0.8440518996924041 3.0202208 26 5.4703608 17.327414 11.0 0 0.88556963 22.94244 99.0 22.101149 22.590597 21.468353 21.003931 21.369099 19.875605 19.36511 19.461662 19.236988 19.108353 0.8833175 21.3679 1.3347235 1.4662347 0.48708168 0.09335168 0.36175773 0.040821806 0.03498753 0.0389396 0.06586488 0.051756095 1 0 1
STRIPE82-0087 iDR3.STRIPE82-0087.080627 301.01721171277757 -0.6671614444200044 4.4912996 39 6.6894097 17.111643 12.0 0 0.7321157 22.995502 21.613985 21.36445 22.512243 21.718521 21.044588 21.188766 19.902357 18.865295 19.195549 18.920425 18.833025 0.91062427 0.5906304 0.669461 1.3507671 0.605141 0.09580912 0.30429298 0.040887903 0.022920266 0.030572424 0.049247753 0.03993801 1 0 1
STRIPE82-0087 iDR3.STRIPE82-0087.146398 300.62815680210974 -0.08844635601453506 3.2309577 31 4.345014 17.267458 9.0 0 0.8697846 99.0 22.30763 99.0 99.0 24.594053 21.194992 21.058067 19.996122 18.633507 19.315777 19.105227 19.063627 22.285767 1.1311221 20.978617 21.355217 8.495712 0.10993022 0.27193567 0.04516027 0.01949739 0.034585238 0.058913343 0.049919937 1 0 1
STRIPE82-0108 iDR3.STRIPE82-0108.017470 314.0985385587004 0.3335793368147361 3.4879408 24 5.215337 17.212183 11.0 0 0.9075724 23.548231 21.839994 99.0 23.228645 21.359581 21.223963 20.871826 19.862043 18.789282 19.561272 18.942295 19.125637 1.7743756 0.57173663 21.08472 2.5575354 0.42139927 0.123784415 0.23863094 0.04811477 0.023696829 0.053940956 0.0646698 0.07405468 1 0 1
STRIPE82-0063 iDR3.STRIPE82-0063.001504 44.377983246414544 -1.3478759056631353 3.345308 34 4.614842 17.056396 9.0 0 0.62743 23.598606 99.0 99.0 99.0 21.234886 20.833935 21.045376 19.844679 19.102516 19.253216 18.99235 19.035885 1.6846427 21.63278 20.996792 21.255186 0.41228813 0.084258966 0.30838874 0.042673893 0.027989192 0.033075463 0.066787235 0.049595896 1 0 1
SPLUS-n15s32 iDR3.SPLUS-n15s32.016315 194.12518644631 -19.223480048425273 4.817919 34 6.246382 16.89227 12.0 0 0.6232624 22.903706 21.697805 22.170082 22.907734 21.020157 21.359066 21.13545 19.920172 19.348677 19.603367 19.074955 19.120684 1.0420407 0.5346858 1.3614254 2.3094976 0.39058512 0.16128466 0.32772553 0.050146814 0.038333472 0.05065965 0.06866641 0.06140551 1 0 1
SPLUS-s25s09 iDR3.SPLUS-s25s09.038820 12.202876023669862 -31.778915276593978 4.9643297 45 5.9109488 16.870073 12.0 0 0.5047895 22.32079 21.232124 21.346996 22.058548 21.23027 20.818783 20.299297 19.915226 19.409113 19.422184 19.140926 18.99868 0.43477273 0.29992777 0.5799357 0.90745854 0.4990129 0.09734922 0.16522367 0.043219015 0.03342527 0.039557554 0.06534334 0.052840777 1 0 1
SPLUS-s24s57 iDR3.SPLUS-s24s57.030527 329.0119887000594 -30.993497601309183 3.0127287 22 4.1602416 16.426245 10.0 0 0.8830341 99.0 99.0 20.922634 22.492233 22.562897 21.276787 21.08998 19.969349 19.358719 19.53541 19.415556 19.412535 22.337395 21.795084 0.4692029 1.3792768 1.3761256 0.12922186 0.26884544 0.046675723 0.032330737 0.045810077 0.07926546 0.07319228 1 0 1
SPLUS-s26s13 iDR3.SPLUS-s26s13.014089 19.78730492732813 -33.93702147366575 4.1014714 39 5.3509126 16.73191 12.0 0 0.86028934 21.846466 21.513683 22.230505 22.002872 22.13747 21.085705 20.972181 19.87918 19.326185 19.493507 18.641495 18.972345 0.23902722 0.30572367 0.99418044 0.73969674 0.81143254 0.10938554 0.22732002 0.04228842 0.03562214 0.041520968 0.046565086 0.04764525 1 0 1
SPLUS-s19s33 iDR3.SPLUS-s19s33.041644 331.3580705851508 -23.83256174084068 4.243279 43 4.9529786 16.497042 12.0 0 0.6779831 22.10297 21.17701 22.182686 21.05026 21.415956 20.765087 20.571674 19.79245 19.172176 19.351578 18.810696 19.046207 0.3365098 0.2856792 1.2465625 0.40268716 0.55085117 0.09999079 0.19261098 0.043455914 0.029730363 0.04092141 0.04975653 0.056569822 1 0 1
SPLUS-s23s46 iDR3.SPLUS-s23s46.015882 354.123458862063 -29.808695791375612 2.8995986 23 4.181947 16.145866 10.0 0 0.9192402 99.0 99.0 23.19711 21.61621 22.356018 21.393587 21.10776 19.990076 19.043299 19.021202 18.779896 18.742538 22.267464 21.730705 3.172546 0.6487895 1.2117809 0.1650039 0.318042 0.053174503 0.027894488 0.03436786 0.06315106 0.051085025 1 0 1
SPLUS-s26s16 iDR3.SPLUS-s26s16.002184 25.01981855948752 -34.197955346923365 3.8291388 30 5.700407 16.558092 12.0 0 0.7868248 24.301014 24.833542 25.787743 21.565384 21.796772 21.442871 22.10467 19.97559 17.950634 19.405987 19.133545 18.972887 2.2683554 6.2754154 26.791916 0.5161827 0.6336971 0.15526174 0.6550403 0.04467374 0.012986809 0.041456096 0.07489444 0.05239487 1 0 1
SPLUS-s25s51 iDR3.SPLUS-s25s51.043106 318.3527986898936 -32.09995741688721 3.3929036 32 3.8388603 16.492435 11.0 0 0.5289994 22.407131 99.0 22.186779 21.865856 21.640942 21.181084 21.33118 19.977745 19.301804 19.55972 19.082325 19.187963 0.4438752 22.026024 0.88969326 0.5807467 0.45900267 0.10817885 0.28972957 0.041392148 0.029651204 0.039343815 0.059273884 0.051878836 1 0 1
SPLUS-s34s43 iDR3.SPLUS-s34s43.035465 316.6405802952633 -44.02605965191331 3.421718 32 4.7365885 16.432138 12.0 0 0.686339 23.027239 24.34113 22.296005 21.680027 22.34451 21.348318 21.394627 19.947767 19.417488 19.51188 19.05071 18.998318 0.8376485 4.9348464 1.3551847 0.66484857 1.2205825 0.14727275 0.39310306 0.048404213 0.0365419 0.04034299 0.06561652 0.046192702 1 0 1
SPLUS-s21s23 iDR3.SPLUS-s21s23.020786 319.4102155757048 -27.14764178742471 3.188581 26 4.709403 16.548212 12.0 0 0.92932767 21.139996 20.45572 21.295591 21.324701 20.533188 20.855701 20.277065 19.977472 19.475838 19.634445 18.691088 19.053194 0.13919063 0.13817754 0.45922923 0.42817786 0.20941152 0.09943948 0.12810549 0.04702284 0.03526424 0.04419552 0.043529615 0.046996173 1 0 1
SPLUS-n14s22 iDR3.SPLUS-n14s22.003443 179.3008976902566 -18.202935187246954 3.2952476 39 2.9219756 16.171127 12.0 0 0.51428246 22.890257 21.708075 21.499424 21.443768 21.82543 21.367058 20.963036 19.806438 19.254814 19.273607 18.759373 18.859982 0.6618694 0.38258958 0.54243046 0.4708889 0.6409169 0.14080068 0.23369287 0.03798383 0.028264359 0.034279257 0.046366487 0.042018358 1 0 1
SPLUS-n18s21 iDR3.SPLUS-n18s21.038790 180.03679956161395 -22.91537638829992 2.218112 19 3.9037018 15.78952 12.0 0 0.9759809 24.093327 24.104553 22.95808 21.886024 21.423138 20.94206 20.944805 19.95415 19.500187 19.68303 19.008078 19.048004 2.586735 3.7773523 2.0037484 0.62418616 0.38261208 0.08049007 0.19722167 0.039237417 0.03906958 0.039007895 0.05980684 0.041335635 1 0 1
SPLUS-n15s16 iDR3.SPLUS-n15s16.046409 171.43830036943947 -18.488201340276902 3.1468387 22 4.234672 16.11783 11.0 0 0.9466434 99.0 22.68982 21.588772 21.347729 21.598618 21.164974 21.30548 19.964975 19.022243 19.178057 18.817226 18.725246 22.595097 0.9474702 0.6477373 0.4678297 0.54790574 0.11892302 0.32009864 0.04529783 0.024847688 0.032277286 0.05059255 0.03886784 1 0 1
SPLUS-n16s05 iDR3.SPLUS-n16s05.008462 156.73364283092252 -20.756333539933827 3.0945423 26 4.8749485 16.166382 11.0 0 0.5776058 21.906307 21.376026 22.941307 22.37896 99.0 20.7716 20.721848 19.82584 19.14197 19.551096 19.087467 19.053478 0.43340904 0.4443739 2.9687083 1.8280082 20.899515 0.16757119 0.3156636 0.060977105 0.039305326 0.06679535 0.06489886 0.05598455 1 0 1
SPLUS-n07s03 iDR3.SPLUS-n07s03.036135 153.42908969950506 -8.02731148871996 2.8094203 36 4.5081134 16.193562 11.0 0 0.6112339 22.20155 22.715778 99.0 25.318401 22.302677 21.2641 20.53712 19.807081 19.00045 19.352715 18.818855 18.798128 0.4335071 0.98436075 21.436077 14.763798 0.89603454 0.11731571 0.14843197 0.03978595 0.024505261 0.036342733 0.052358493 0.041626386 1 0 1
SPLUS-n12s24 iDR3.SPLUS-n12s24.018535 184.21050107570022 -15.158105591485466 2.0859337 28 3.4337952 15.009067 12.0 0 0.97770435 22.91772 22.454233 21.462774 21.809591 21.999771 21.060345 20.659134 19.942421 18.435242 18.454132 17.950417 17.836021 0.61167073 0.6779447 0.48512754 0.59981185 0.6941041 0.10401761 0.1646474 0.044333216 0.01727224 0.018417763 0.027191628 0.019286113 1 0 1
HYDRA-0159 iDR3.HYDRA-0159.141119 164.65472130445556 -45.318374427778906 2.4896343 14 3.4071615 15.8428545 11.0 0 0.95834243 23.051767 24.848825 99.0 21.701761 21.838528 21.4287 20.91912 19.918388 19.37043 19.351326 19.1418 19.111244 0.99888223 7.3240347 21.268888 0.6471952 0.7031499 0.18181351 0.23680578 0.04412057 0.034069784 0.03768539 0.066579774 0.056638613 1 0 1
HYDRA-0039 iDR3.HYDRA-0039.038626 164.00575502586705 -26.613403033146373 2.7512913 25 2.5794625 16.899218 9.0 0 0.9652169 99.0 99.0 99.0 22.9657 22.384188 21.269567 20.860294 19.910542 19.17338 19.268082 19.226131 19.14949 22.136753 21.549692 21.039848 2.2348576 1.1771203 0.12683053 0.23908672 0.042478386 0.027681064 0.032765172 0.06757938 0.053176206 1 0 1
HYDRA-0103 iDR3.HYDRA-0103.043880 150.89496404754726 -37.81455828882308 2.3458598 18 3.8211915 16.946308 11.0 0 0.8801547 22.502617 99.0 20.632076 21.12244 21.70278 21.326126 20.42941 19.879288 18.839493 19.209215 18.303806 18.739025 1.0644041 21.312338 0.4849204 0.5489554 0.84948266 0.18331102 0.22218266 0.04869078 0.026077531 0.040181074 0.040986367 0.051080726 1 0 1
HYDRA-0142 iDR3.HYDRA-0142.078936 160.5627058504994 -43.07531804926888 2.588508 17 2.9848924 15.962075 12.0 0 0.97122777 21.458967 22.06918 20.88798 21.506039 21.498585 21.024895 20.634155 19.931494 19.233198 19.375282 18.997463 19.069626 0.20533733 0.52062684 0.2964514 0.44448945 0.42679107 0.09667123 0.1549211 0.04042141 0.029753365 0.038966205 0.0646972 0.057886798 1 0 1
SPLUS-n13s33 iDR3.SPLUS-n13s33.025015 195.59013239796403 -16.30201577893939 2.9155 58 3.761841 14.662679 12.0 2 0.98259497 21.207066 21.353477 21.669468 20.876062 20.180231 19.190838 19.120312 18.122028 17.398403 17.638975 17.45865 17.384466 0.19521566 0.37315893 0.88724244 0.34812838 0.18304378 0.029081492 0.061144654 0.013258399 0.01003456 0.010728359 0.01847965 0.01337321 1 0 1
SPLUS-n07s39 iDR3.SPLUS-n07s39.011801 203.29834345052214 -8.498811145121582 3.8561354 51 3.1105452 13.866752 12.0 2 0.9552452 21.268845 21.030422 20.407316 19.774689 19.48408 19.04787 18.75217 18.000547 17.536152 17.518631 17.116493 17.263855 0.21373735 0.27744055 0.2718249 0.15036081 0.11573163 0.030919597 0.0498569 0.012534916 0.011279981 0.010487075 0.015938709 0.013496741 1 0 1
SPLUS-s19s33 iDR3.SPLUS-s19s33.044253 332.6129857421495 -23.905130607359105 4.473341 52 4.0283055 15.788103 12.0 2 0.90249944 21.878353 23.237864 21.447323 20.77461 20.233032 20.662586 19.440353 18.776001 18.044556 18.898748 16.975769 18.489346 0.27388042 1.7937318 0.63673127 0.31187597 0.19292085 0.090616316 0.0750601 0.020095313 0.013810297 0.027883831 0.012665261 0.034567006 1 0 1
