Star-v5/Red1-Halpha-DR3_PStotal-STAR_total-clean-unique.ecsv
# %ECSV 1.0
# ---
# datatype:
# - {name: Field, datatype: string}
# - {name: ID, datatype: string}
# - {name: RA, datatype: float64}
# - {name: DEC, datatype: float64}
# - {name: FWHM, datatype: float32}
# - {name: ISOarea, datatype: int32}
# - {name: KRON_RADIUS, datatype: float32}
# - {name: MU_MAX, datatype: float32}
# - {name: nDet_PStotal, datatype: float32}
# - {name: PhotoFlagDet, datatype: int16}
# - {name: CLASS_STAR, datatype: float32}
# - {name: u_PStotal, datatype: float32}
# - {name: J0378_PStotal, datatype: float32}
# - {name: J0395_PStotal, datatype: float32}
# - {name: J0410_PStotal, datatype: float32}
# - {name: J0430_PStotal, datatype: float32}
# - {name: g_PStotal, datatype: float32}
# - {name: J0515_PStotal, datatype: float32}
# - {name: r_PStotal, datatype: float32}
# - {name: J0660_PStotal, datatype: float32}
# - {name: i_PStotal, datatype: float32}
# - {name: J0861_PStotal, datatype: float32}
# - {name: z_PStotal, datatype: float32}
# - {name: e_u_PStotal, datatype: float32}
# - {name: e_J0378_PStotal, datatype: float32}
# - {name: e_J0395_PStotal, datatype: float32}
# - {name: e_J0410_PStotal, datatype: float32}
# - {name: e_J0430_PStotal, datatype: float32}
# - {name: e_g_PStotal, datatype: float32}
# - {name: e_J0515_PStotal, datatype: float32}
# - {name: e_r_PStotal, datatype: float32}
# - {name: e_J0660_PStotal, datatype: float32}
# - {name: e_i_PStotal, datatype: float32}
# - {name: e_J0861_PStotal, datatype: float32}
# - {name: e_z_PStotal, datatype: float32}
# - {name: Label_k, datatype: int32}
# - {name: Label_sp, datatype: int32}
# - {name: Label_hier, datatype: int64}
# meta: !!omap
# - {TCOMM1: description}
# - {TCOMM2: description}
# - {TCOMM3: description}
# - {TCOMM4: description}
# - {TCOMM5: description}
# - {TCOMM6: description}
# - {TCOMM7: description}
# - {TCOMM8: description}
# - {TCOMM9: description}
# - {TCOMM10: description}
# - {TCOMM11: description}
# - {TCOMM12: description}
# - {TCOMM13: description}
# - {TCOMM14: description}
# - {TCOMM15: description}
# - {TCOMM16: description}
# - {TCOMM17: description}
# - {TCOMM18: description}
# - {TCOMM19: description}
# - {TCOMM20: description}
# - {TCOMM21: description}
# - {TCOMM22: description}
# - {TCOMM23: description}
# - {TCOMM24: description}
# - {TCOMM25: description}
# - {TCOMM26: description}
# - {TCOMM27: description}
# - {TCOMM28: description}
# - {TCOMM29: description}
# - {TCOMM30: description}
# - {TCOMM31: description}
# - {TCOMM32: description}
# - {TCOMM33: description}
# - {TCOMM34: description}
# - {TCOMM35: description}
# - {DATE-HDU: '2022-08-03T03:18:20'}
# - {STILVERS: 3.3-2}
# - {STILCLAS: uk.ac.starlink.fits.FitsTableWriter}
# schema: astropy-2.0
Field ID RA DEC FWHM ISOarea KRON_RADIUS MU_MAX nDet_PStotal PhotoFlagDet CLASS_STAR u_PStotal J0378_PStotal J0395_PStotal J0410_PStotal J0430_PStotal g_PStotal J0515_PStotal r_PStotal J0660_PStotal i_PStotal J0861_PStotal z_PStotal e_u_PStotal e_J0378_PStotal e_J0395_PStotal e_J0410_PStotal e_J0430_PStotal e_g_PStotal e_J0515_PStotal e_r_PStotal e_J0660_PStotal e_i_PStotal e_J0861_PStotal e_z_PStotal Label_k Label_sp Label_hier
[from data line 42]
SPLUS-n17s02 iDR3.SPLUS-n17s02.015119 153.17302787253024 -21.9823459107073 2.6011887 51 3.41558 14.313136 12.0 0 0.98033005 22.835026 21.91518 20.436012 20.5359 20.775833 19.648722 19.116919 18.370914 17.694683 18.372324 16.736725 16.639698 0.6550288 0.46570978 0.21822914 0.21568254 0.26482552 0.03803848 0.056063227 0.014185686 0.010843866 0.01711982 0.010700119 0.0080179265 1 0 1
SPLUS-n07s41 iDR3.SPLUS-n07s41.015303 206.03496726666822 -8.539600025429044 4.53138 27 3.392394 14.864865 12.0 0 0.9736797 21.789005 21.72747 20.852615 19.66711 19.579683 19.933434 18.920155 18.249178 17.663834 18.508951 17.29425 17.605734 0.2538746 0.4419279 0.33228353 0.10260152 0.09036498 0.04470731 0.04294153 0.01297411 0.010317938 0.019974615 0.018183362 0.017108256 1 0 1
HYDRA-0096 iDR3.HYDRA-0096.021527 152.8661958049882 -36.70223262483374 4.9765835 53 3.5641673 15.512704 12.0 0 0.96496296 20.908466 21.412813 21.689587 20.586285 19.612164 19.205116 19.135237 18.26661 17.185242 17.78968 17.631443 17.566067 0.34636474 0.65196866 1.2950382 0.4374652 0.15962577 0.04955574 0.084523916 0.0191095 0.009143252 0.014166559 0.021718718 0.017563393 1 0 1
HYDRA-0159 iDR3.HYDRA-0159.085271 165.75493734857727 -45.81738578725057 2.831988 62 3.8515031 14.642832 12.0 0 0.93424547 21.395086 21.06472 20.28865 20.789865 20.880901 19.331577 18.898552 18.381084 17.85541 17.863964 17.651226 17.550457 0.22369984 0.23570313 0.19657046 0.28001156 0.2913446 0.0309123 0.044444047 0.013746164 0.011608499 0.011761979 0.019929033 0.015233996 1 0 1
HYDRA-0121 iDR3.HYDRA-0121.051327 151.42201661768573 -40.54558370118682 4.822607 71 3.908692 14.657793 12.0 0 0.9993371 22.67617 21.214142 20.50094 20.831165 20.043154 19.464792 19.324747 18.363388 17.393562 17.227142 16.841434 16.716122 1.5186532 0.5540927 0.45183474 0.52986085 0.25211704 0.0599723 0.10718459 0.020767638 0.011757298 0.009089688 0.013014867 0.008793992 1 0 1
HYDRA-0123 iDR3.HYDRA-0123.019266 154.73766511301267 -40.940561189500436 2.2586775 40 3.9829445 14.311818 11.0 0 0.97953403 99.0 21.841492 20.698208 20.25534 19.69739 19.173168 19.272373 18.232656 17.717697 17.826786 17.647331 17.59245 21.660103 0.7599092 0.3768567 0.26103735 0.14438173 0.037035752 0.08007436 0.014975117 0.01130814 0.013196255 0.02274021 0.018349703 1 0 1
HYDRA-0087 iDR3.HYDRA-0087.003183 151.80343143471183 -35.63381587813842 2.382315 45 3.6460927 14.399104 12.0 0 0.97679 21.157505 21.01032 21.0657 20.33489 20.117146 19.397425 19.263733 18.388319 17.94363 17.901918 17.397896 17.58099 0.20044242 0.28427383 0.44490793 0.23025538 0.18235126 0.04098018 0.07171187 0.017012708 0.017122848 0.015703851 0.023164263 0.02041474 1 0 1
HYDRA-0151 iDR3.HYDRA-0151.043852 164.14163994104857 -44.88637707735251 1.6111217 31 3.263177 14.012939 12.0 0 0.99989283 21.631063 21.159676 21.38402 20.249027 20.027283 19.341301 19.221779 18.355438 17.715359 17.909637 17.706684 17.646925 0.17742431 0.19554235 0.38160193 0.13711439 0.110143505 0.025175923 0.049507156 0.012332803 0.009984451 0.011034436 0.018673576 0.01419235 1 0 1
SPLUS-s26s34 iDR3.SPLUS-s26s34.013949 52.54792742576738 -33.84045116496162 2.400095 53 3.5283372 14.387933 11.0 0 0.9812471 99.0 21.266209 20.808788 21.45389 21.472103 19.816128 19.508055 18.47635 17.794888 17.599552 17.31493 17.194548 21.923365 0.36680627 0.35654417 0.6097792 0.5965059 0.054961506 0.08141195 0.016040666 0.011332639 0.009919648 0.0150099415 0.0111198155 1 0 1
STRIPE82-0106 iDR3.STRIPE82-0106.004869 313.64835113069375 0.07978216981898206 3.580645 32 4.00372 15.012835 11.0 0 0.9794056 21.50741 99.0 21.238604 21.831753 20.508072 19.725754 19.553614 18.484833 17.955547 17.913303 17.71249 17.605474 0.48526737 21.116354 0.7413409 1.2120218 0.34577212 0.07038127 0.114454046 0.0194025 0.01550223 0.014670561 0.024339158 0.018102651 1 0 1
STRIPE82-0121 iDR3.STRIPE82-0121.000379 324.6064342655079 -1.374599527802363 4.3413005 36 1.82 15.575723 9.0 0 0.9232212 99.0 22.178833 99.0 99.0 21.535212 21.058735 19.702782 18.597591 18.339485 18.834915 18.428856 18.66502 21.995962 0.5367657 20.820658 21.065155 0.6548964 0.11680108 0.09120239 0.021416638 0.016181191 0.026666066 0.03950177 0.041140057 1 0 1
STRIPE82-0087 iDR3.STRIPE82-0087.015827 300.64271942909875 -1.2288787838028161 3.062925 61 4.521954 15.965227 12.0 0 0.977904 22.950094 21.18491 21.2838 21.146303 20.583933 19.847126 19.724136 18.643827 17.60516 18.153652 17.946165 17.858286 0.85053945 0.3908621 0.6058906 0.39004973 0.21830301 0.034830473 0.08369367 0.014949341 0.009258709 0.013176158 0.022145018 0.017544473 1 0 1
STRIPE82-0087 iDR3.STRIPE82-0087.025062 300.57423786264445 -1.1480957657389617 2.9479449 60 3.9243915 15.942676 12.0 0 0.9812767 21.927553 20.937334 21.06587 21.266119 20.401003 19.643154 19.504498 18.492338 18.014751 18.007835 17.79283 17.731064 0.3356667 0.3135653 0.49777746 0.43046772 0.18385231 0.029328447 0.068816416 0.013386073 0.012251043 0.011744785 0.019563168 0.01575551 1 0 1
STRIPE82-0104 iDR3.STRIPE82-0104.026695 312.2564163388609 0.3761428513516615 1.9241333 46 3.4343042 13.759649 12.0 0 0.9767952 22.67701 21.87228 21.923008 21.169924 21.158081 19.899643 19.704266 18.594402 17.635971 17.318157 16.880812 16.750374 0.62815917 0.64280623 0.8295354 0.35314533 0.33123618 0.03752173 0.07448485 0.016597956 0.010990699 0.008816096 0.013795333 0.00978405 1 0 1
STRIPE82-0102 iDR3.STRIPE82-0102.064267 310.398826705978 0.7744426039660356 2.1728523 41 3.28739 14.05774 12.0 0 0.9793268 22.16338 22.960903 22.0405 20.95296 20.981106 19.655106 19.681538 18.486975 17.917177 17.84229 17.614273 17.539295 0.3469792 1.150163 0.76919895 0.24524547 0.2419857 0.030590683 0.065999225 0.013869176 0.011059117 0.010689337 0.017984979 0.013486244 1 0 1
SPLUS-s19s34 iDR3.SPLUS-s19s34.006580 332.8643916631728 -24.77740497521673 3.118911 35 3.6367197 15.286746 11.0 0 0.9760269 22.14011 21.3267 99.0 20.681328 20.459288 19.797012 19.855274 18.65048 17.962788 18.22452 18.007526 17.963364 0.4062222 0.351853 21.081785 0.2657563 0.21492001 0.04023785 0.0944273 0.017101193 0.013226012 0.017054873 0.03341048 0.024016768 1 0 1
SPLUS-s23s42 iDR3.SPLUS-s23s42.034515 347.53311979435983 -29.027927735177585 3.4127502 59 4.27275 15.176657 11.0 0 0.9750446 22.501644 21.029013 99.0 21.535936 20.596561 19.675365 19.562752 18.447382 17.56675 17.672117 17.36388 17.32508 0.82605386 0.35282192 20.787064 0.7860678 0.34433976 0.0540366 0.10209339 0.019847477 0.012091637 0.01384486 0.022626821 0.018523965 1 0 1
SPLUS-s23s27 iDR3.SPLUS-s23s27.042082 324.03688339701273 -29.369521243922833 2.3326623 48 3.678877 14.093045 11.0 0 0.9819369 99.0 21.336252 23.943455 21.436934 20.684628 19.74292 19.509373 18.47303 17.78231 17.364948 16.985916 16.885708 22.397465 0.31862122 5.762306 0.5455271 0.27298912 0.042979293 0.07511086 0.015270105 0.011330453 0.008489788 0.0127715105 0.009326358 1 0 1
SPLUS-n15s06 iDR3.SPLUS-n15s06.000020 156.86817095162536 -19.61764938135883 6.165266 133 3.7531428 14.174912 10.0 0 0.96491855 23.382439 99.0 23.366175 99.0 21.476086 18.386242 19.830694 18.464193 16.783514 17.261871 18.52145 16.376976 1.0468495 21.852156 3.26731 21.312305 0.52621984 0.01628848 0.093707964 0.015216299 0.006515966 0.008432326 0.038213197 0.006972978 1 0 1
SPLUS-n19s07 iDR3.SPLUS-n19s07.032609 173.67099237248956 -24.272610073199125 1.8397499 37 3.2662675 14.379369 12.0 0 0.99986994 22.557245 22.035582 21.74768 22.223598 20.593735 19.683258 19.695786 18.45245 17.810684 17.782398 17.519156 17.420467 0.62939376 0.55053097 0.7450505 0.9669388 0.22294411 0.03555949 0.07958751 0.014231951 0.011266663 0.010852141 0.022601217 0.013361772 1 0 1
SPLUS-n09s37 iDR3.SPLUS-n09s37.011234 200.17250361488283 -11.20686258840912 3.8131273 65 4.207459 14.831639 12.0 0 0.98107755 23.389475 22.739256 21.967785 21.458527 20.434572 19.894688 19.779003 18.51083 17.58501 17.272757 16.825619 16.739836 2.054986 1.9655051 1.5378726 0.92252487 0.3337547 0.08414279 0.14396203 0.022592895 0.015146391 0.010229773 0.016226215 0.009983195 1 0 1
HYDRA-0073 iDR3.HYDRA-0073.024803 158.86374998540282 -32.493190938039284 2.1392245 36 3.9773948 14.555239 12.0 0 0.9810661 23.672432 22.167046 21.293898 20.956078 20.45202 19.807377 19.878958 18.661446 17.829903 18.078917 17.857132 17.828064 1.5881133 0.6733028 0.48699576 0.32771137 0.20461193 0.048090253 0.102687255 0.017265977 0.01191252 0.01269945 0.020727182 0.015766423 1 0 1
HYDRA-0138 iDR3.HYDRA-0138.061562 151.9968151080678 -43.289398354410366 1.9591455 30 4.1731453 14.405277 12.0 0 0.9689107 22.238497 21.588005 26.085297 21.304413 20.648293 19.696089 19.6988 18.553713 17.768463 17.976746 17.7967 17.736837 1.4071172 0.9724682 82.63314 0.9497821 0.47908482 0.08274229 0.15613392 0.024377 0.015985688 0.016373888 0.025373155 0.020420581 1 0 1
HYDRA-0087 iDR3.HYDRA-0087.057920 153.0599061015559 -34.6050685462672 2.3983223 50 3.9121447 14.484965 11.0 0 0.9880728 22.900982 99.0 21.688519 21.10823 21.376656 19.88453 19.772312 18.50472 17.527374 17.58505 17.297073 17.204227 1.0065421 21.531797 0.81263304 0.44275835 0.5396345 0.059448678 0.105875775 0.01839633 0.012795049 0.012129711 0.02105591 0.014771117 1 0 1
HYDRA-0112 iDR3.HYDRA-0112.119517 149.8062938688626 -38.38155453914861 2.4750786 40 3.3051705 15.466884 9.0 0 0.98046887 21.025055 99.0 99.0 21.722935 99.0 19.586958 19.898375 18.485744 18.067234 18.108503 17.515312 17.76253 0.19615613 21.427782 20.831339 0.80213267 21.255617 0.034026593 0.124354646 0.015253431 0.015169881 0.015455849 0.021042177 0.020735312 1 0 1
HYDRA-0105 iDR3.HYDRA-0105.074202 154.63887787073313 -37.38134402220933 2.6016855 46 3.919366 14.584719 12.0 0 0.97823185 23.099821 21.417477 23.289095 20.786007 20.980555 19.857279 19.686033 18.592455 18.014404 17.793827 17.521978 17.443176 1.0913806 0.34754092 3.1156387 0.26081344 0.2956923 0.040185843 0.076129526 0.016239371 0.01336422 0.011891513 0.020626716 0.015817653 1 0 1
HYDRA-0095 iDR3.HYDRA-0095.030232 150.52853172463816 -36.506966469988974 2.6795692 32 4.289722 16.564257 11.0 0 0.9737978 99.0 21.150726 21.610199 20.274828 21.281515 19.944939 19.778507 18.659025 18.092285 18.086582 17.886637 17.86126 20.98575 0.5899487 1.4331704 0.3304909 0.7252122 0.086655825 0.14693663 0.028905548 0.01805441 0.024986042 0.03674452 0.037541557 1 0 1
SPLUS-s02s05 iDR3.SPLUS-s02s05.028291 329.65210665791756 -1.3832738894120693 3.398274 37 3.4243348 15.441057 11.0 0 0.9751511 99.0 21.687641 23.539532 21.32259 20.41256 19.952354 19.880943 18.782999 17.693356 18.258923 18.026485 17.916222 22.483795 0.3911169 3.6088822 0.4769399 0.19153635 0.04618121 0.097521365 0.01875482 0.010607655 0.017125959 0.03409293 0.022768881 1 0 1
SPLUS-s03s01 iDR3.SPLUS-s03s01.032950 324.2877700819586 -2.7068508635512485 2.037571 45 3.6078396 13.990368 12.0 0 0.9778031 23.642529 23.035957 22.42478 21.111488 21.480715 20.217216 20.103754 18.837976 17.885824 17.571808 17.137074 17.008644 1.4864446 1.3588177 1.2835882 0.34742963 0.4542573 0.052472055 0.10581042 0.01891974 0.0116586 0.010027662 0.01494262 0.010721489 1 0 1
SPLUS-s30s37 iDR3.SPLUS-s30s37.048916 61.324627000901984 -38.240263918032994 2.3638978 39 3.6935408 15.017878 12.0 0 0.98281944 23.046099 21.987797 24.65379 21.65208 20.984303 20.229572 19.789978 18.867765 18.15581 18.189735 17.946949 17.888565 0.77613926 0.5268858 10.797127 0.61220264 0.34140062 0.054727536 0.09297072 0.018358678 0.013586514 0.013598963 0.022512509 0.017474888 1 0 1
SPLUS-n20s40 iDR3.SPLUS-n20s40.078694 222.29279853790808 -24.955547707805426 2.7427378 46 3.6634305 14.498732 12.0 0 0.9817576 22.495756 22.75605 21.846268 21.86226 21.739586 20.202936 19.87725 18.779922 17.930655 17.684155 17.348572 17.199327 0.3925917 0.865564 0.66255987 0.65365195 0.57141507 0.053772185 0.09081674 0.018799877 0.012252261 0.011658583 0.017514344 0.012802718 1 0 1
STRIPE82-0109 iDR3.STRIPE82-0109.044747 316.35655840925625 -0.6555987965032701 2.6658003 65 4.149455 15.609065 12.0 0 0.9821035 22.324211 25.033773 22.097916 21.34922 21.021812 20.144806 20.012655 18.799877 18.196877 17.931171 17.599188 17.530659 0.3583306 7.984641 0.95409346 0.35397065 0.27601728 0.027927672 0.08924783 0.01149472 0.011216064 0.007844769 0.015349424 0.00916467 1 0 1
STRIPE82-0106 iDR3.STRIPE82-0106.031976 312.6065673597215 0.6070983023543645 3.2545967 32 3.840185 15.198935 12.0 0 0.9719747 22.447754 21.37429 22.177153 21.44561 20.371521 20.03239 19.906876 18.879793 18.225113 18.190102 17.849628 17.792923 1.1495095 0.5881475 1.7502228 0.8620885 0.3094938 0.09332684 0.15787818 0.026928196 0.01917012 0.018420903 0.027108327 0.021095555 1 0 1
STRIPE82-0094 iDR3.STRIPE82-0094.037074 304.3242712406899 0.4895219909301719 2.1350265 23 4.3713474 16.2755 10.0 0 0.97530556 99.0 20.557562 20.20558 99.0 22.338743 19.987097 19.58271 18.712807 17.960173 17.88306 17.383781 17.421442 21.12321 0.6792558 0.9396329 19.595331 7.245708 0.11043117 0.4201843 0.040909525 0.08661419 0.026978098 0.088718064 0.032714546 1 0 1
STRIPE82-0087 iDR3.STRIPE82-0087.095746 300.7449162628144 -0.5350123804020057 3.0596125 49 3.4245656 16.246616 12.0 0 0.9789884 22.54 22.25242 21.095411 20.341532 20.746176 19.778563 19.750977 18.798494 18.30086 18.344172 18.154741 18.096334 0.62107426 1.0907341 0.54215753 0.1908421 0.25390828 0.03314989 0.08617352 0.017072843 0.015236627 0.015352891 0.026193678 0.021406826 1 0 1
STRIPE82-0087 iDR3.STRIPE82-0087.122818 300.7738985762336 -0.29685510725566583 3.1149447 55 3.524815 16.055815 12.0 0 0.9808041 24.948723 21.302889 22.363562 22.141645 20.682295 19.893948 19.893211 18.692736 17.906078 18.03675 17.827414 17.74775 5.5568323 0.45278773 1.6922808 0.96640587 0.23868412 0.036219645 0.09693115 0.015637796 0.011420682 0.0120959915 0.020137941 0.016004182 1 0 1
STRIPE82-0125 iDR3.STRIPE82-0125.003248 327.3774805911879 -1.3517377384547447 2.4184792 27 4.2984743 14.589247 12.0 0 0.9780872 22.498503 22.10245 21.548904 22.61267 21.023365 19.831314 19.85561 18.70919 18.182129 18.231834 18.028242 18.001713 0.699283 0.71198285 0.6297876 1.6687204 0.37922382 0.05333517 0.10946077 0.01849829 0.014546545 0.015020595 0.0268291 0.020270783 1 0 1
STRIPE82-0095 iDR3.STRIPE82-0095.025290 306.7810825511903 -1.0265690672710412 2.7810214 23 3.7366097 15.592949 12.0 0 0.973154 22.685093 22.409336 20.659018 22.002281 23.666107 20.112507 21.601093 18.676798 17.977722 18.202822 21.611763 18.158485 1.1311275 1.4356059 0.39429444 1.1735455 4.8131046 0.08279843 0.6462731 0.02422697 0.010242197 0.022300169 1.2031451 0.032107133 1 0 1
STRIPE82-0113 iDR3.STRIPE82-0113.002194 318.65305871869106 -1.3417087196890056 2.1994708 40 3.7356298 15.264766 12.0 0 0.9815851 23.862896 24.268044 23.304655 21.601017 22.432718 20.138842 20.103495 18.765396 18.053627 17.910736 17.6375 17.4971 2.2158616 4.956351 3.411874 0.5736612 1.1751515 0.047372375 0.1252332 0.017804718 0.013159107 0.011693194 0.019244453 0.013169119 1 0 1
STRIPE82-0105 iDR3.STRIPE82-0105.077161 312.8074654144251 0.032281583335965404 3.5313077 63 3.3447354 15.472923 7.0 0 0.94580925 99.0 99.0 99.0 99.0 99.0 20.224297 19.684122 18.672562 17.99849 17.595636 16.848076 16.720156 22.152048 21.695583 21.121443 21.416122 21.446665 0.05269686 0.094659284 0.01698244 0.013962282 0.010042929 0.017119354 0.008084302 1 0 1
STRIPE82-0063 iDR3.STRIPE82-0063.022983 43.96117970702898 -0.7349344276911398 3.0907717 45 4.0139647 15.842476 11.0 0 0.97179115 99.0 22.180916 21.566341 21.90483 21.098656 20.228767 20.11924 18.878208 18.320827 18.173904 17.70856 17.835812 22.191364 0.822345 0.8159108 0.8607943 0.36604396 0.05126592 0.13704751 0.020869592 0.016534386 0.014500117 0.023291765 0.018272761 1 0 1
