Star-v5/Red1-Halpha-DR3_PStotal-STAR_total-clean-unique.ecsv
# %ECSV 1.0
# ---
# datatype:
# - {name: Field, datatype: string}
# - {name: ID, datatype: string}
# - {name: RA, datatype: float64}
# - {name: DEC, datatype: float64}
# - {name: FWHM, datatype: float32}
# - {name: ISOarea, datatype: int32}
# - {name: KRON_RADIUS, datatype: float32}
# - {name: MU_MAX, datatype: float32}
# - {name: nDet_PStotal, datatype: float32}
# - {name: PhotoFlagDet, datatype: int16}
# - {name: CLASS_STAR, datatype: float32}
# - {name: u_PStotal, datatype: float32}
# - {name: J0378_PStotal, datatype: float32}
# - {name: J0395_PStotal, datatype: float32}
# - {name: J0410_PStotal, datatype: float32}
# - {name: J0430_PStotal, datatype: float32}
# - {name: g_PStotal, datatype: float32}
# - {name: J0515_PStotal, datatype: float32}
# - {name: r_PStotal, datatype: float32}
# - {name: J0660_PStotal, datatype: float32}
# - {name: i_PStotal, datatype: float32}
# - {name: J0861_PStotal, datatype: float32}
# - {name: z_PStotal, datatype: float32}
# - {name: e_u_PStotal, datatype: float32}
# - {name: e_J0378_PStotal, datatype: float32}
# - {name: e_J0395_PStotal, datatype: float32}
# - {name: e_J0410_PStotal, datatype: float32}
# - {name: e_J0430_PStotal, datatype: float32}
# - {name: e_g_PStotal, datatype: float32}
# - {name: e_J0515_PStotal, datatype: float32}
# - {name: e_r_PStotal, datatype: float32}
# - {name: e_J0660_PStotal, datatype: float32}
# - {name: e_i_PStotal, datatype: float32}
# - {name: e_J0861_PStotal, datatype: float32}
# - {name: e_z_PStotal, datatype: float32}
# - {name: Label_k, datatype: int32}
# - {name: Label_sp, datatype: int32}
# - {name: Label_hier, datatype: int64}
# meta: !!omap
# - {TCOMM1: description}
# - {TCOMM2: description}
# - {TCOMM3: description}
# - {TCOMM4: description}
# - {TCOMM5: description}
# - {TCOMM6: description}
# - {TCOMM7: description}
# - {TCOMM8: description}
# - {TCOMM9: description}
# - {TCOMM10: description}
# - {TCOMM11: description}
# - {TCOMM12: description}
# - {TCOMM13: description}
# - {TCOMM14: description}
# - {TCOMM15: description}
# - {TCOMM16: description}
# - {TCOMM17: description}
# - {TCOMM18: description}
# - {TCOMM19: description}
# - {TCOMM20: description}
# - {TCOMM21: description}
# - {TCOMM22: description}
# - {TCOMM23: description}
# - {TCOMM24: description}
# - {TCOMM25: description}
# - {TCOMM26: description}
# - {TCOMM27: description}
# - {TCOMM28: description}
# - {TCOMM29: description}
# - {TCOMM30: description}
# - {TCOMM31: description}
# - {TCOMM32: description}
# - {TCOMM33: description}
# - {TCOMM34: description}
# - {TCOMM35: description}
# - {DATE-HDU: '2022-08-03T03:18:20'}
# - {STILVERS: 3.3-2}
# - {STILCLAS: uk.ac.starlink.fits.FitsTableWriter}
# schema: astropy-2.0
Field ID RA DEC FWHM ISOarea KRON_RADIUS MU_MAX nDet_PStotal PhotoFlagDet CLASS_STAR u_PStotal J0378_PStotal J0395_PStotal J0410_PStotal J0430_PStotal g_PStotal J0515_PStotal r_PStotal J0660_PStotal i_PStotal J0861_PStotal z_PStotal e_u_PStotal e_J0378_PStotal e_J0395_PStotal e_J0410_PStotal e_J0430_PStotal e_g_PStotal e_J0515_PStotal e_r_PStotal e_J0660_PStotal e_i_PStotal e_J0861_PStotal e_z_PStotal Label_k Label_sp Label_hier
[from data line 254]
SPLUS-n11s33 iDR3.SPLUS-n11s33.005439 193.91349894663676 -14.10622534099066 4.0699964 40 4.776091 16.592989 12.0 2 0.92713934 22.213593 22.097162 21.569746 23.004238 20.963024 20.91857 21.366617 19.58823 18.463932 19.370943 18.582232 18.773483 0.35394734 0.51778954 0.57513505 1.9488107 0.3275138 0.12056361 0.37527126 0.038827248 0.0195769 0.03824645 0.049830053 0.041849013 1 0 1
SPLUS-n08s39 iDR3.SPLUS-n08s39.045443 202.76259168608607 -8.783406098589216 4.1238666 94 3.9890327 14.388844 12.0 2 0.9677836 23.983913 23.519333 22.528173 21.767353 20.71936 19.260832 19.8058 18.111368 17.07984 17.253227 16.788757 16.902044 2.1599863 2.358339 1.4881964 0.69412947 0.27063853 0.030463537 0.10013109 0.01302917 0.008056141 0.0088536525 0.012158712 0.010270643 1 0 1
SPLUS-s24s41 iDR3.SPLUS-s24s41.022910 63.28673508740715 -30.932835215830448 3.6829977 29 4.268606 16.808489 12.0 0 0.79413414 22.309095 23.01411 21.960224 22.869755 22.249365 21.276432 20.733097 20.033823 18.722076 19.854 18.899137 19.049553 0.37682104 1.2386347 0.7705269 1.421564 0.8135984 0.10918264 0.16884112 0.044858918 0.020500807 0.055806074 0.05251287 0.055871893 1 0 1
SPLUS-s29s38 iDR3.SPLUS-s29s38.023473 62.283112402272515 -37.585745697504954 3.0258532 20 4.178324 16.440693 12.0 0 0.85223144 23.473953 22.367327 22.417906 22.189705 21.388256 21.303331 20.923199 20.049713 19.363094 19.645067 19.268051 19.307663 1.4184318 0.8226292 1.5239848 1.1525531 0.54908425 0.17577268 0.27335286 0.051051337 0.03359348 0.047726203 0.079258405 0.066348135 1 0 1
SPLUS-s28s40 iDR3.SPLUS-s28s40.036396 65.80032427789384 -35.69038522182861 2.2790704 17 3.8338513 15.975789 9.0 0 0.99778837 99.0 99.0 21.67313 23.009495 99.0 21.182041 21.228497 20.058607 19.00788 18.987679 18.585976 18.561459 22.365324 21.73165 0.95289195 2.3264058 21.400198 0.11168139 0.28819093 0.047338 0.023369897 0.039303955 0.044315208 0.046259757 1 0 1
STRIPE82-0019 iDR3.STRIPE82-0019.022956 12.52643364497888 -0.8886404605151184 2.1944444 16 4.607179 17.042732 8.0 0 0.95408356 99.0 22.805405 99.0 99.0 99.0 21.512909 21.262138 20.107107 19.384874 19.540905 19.502148 19.430119 22.21403 1.333156 21.17159 21.400412 21.507715 0.14435846 0.36083394 0.05288018 0.034110032 0.043270554 0.0921495 0.074407384 1 0 1
STRIPE82-0087 iDR3.STRIPE82-0087.003400 301.09195777675205 -1.3434741031860689 3.129441 21 1.82 17.489784 11.0 0 0.71570414 23.954386 21.38379 99.0 21.847301 22.097845 21.199728 22.309677 20.043703 18.211714 19.52545 19.334137 19.381721 2.138111 0.46784675 20.978617 0.75973856 0.8831595 0.11330407 0.87078726 0.046177763 0.014012601 0.041459695 0.072757706 0.06701466 1 0 1
STRIPE82-0087 iDR3.STRIPE82-0087.052879 300.6291155890626 -0.9068918728896107 3.225752 25 5.083515 17.313614 11.0 0 0.9483756 23.98077 99.0 21.691322 22.054193 21.531376 21.349571 21.55455 20.107038 19.030966 19.348421 19.162306 19.004496 2.297798 21.3679 0.9215263 0.89256096 0.5129438 0.12594844 0.42565143 0.049915064 0.02674169 0.035279464 0.06157763 0.04710422 1 0 1
STRIPE82-0087 iDR3.STRIPE82-0087.058154 300.97994462162353 -0.8623473697671502 3.160353 34 4.780314 16.901846 10.0 0 0.9526112 99.0 99.0 21.444345 21.956434 23.402803 21.576363 20.838108 20.007154 17.42777 18.95249 18.5671 18.429903 22.285767 21.3679 0.71277 0.8145299 2.8330042 0.15378234 0.22258125 0.044910554 0.008246977 0.024987668 0.036596626 0.02823582 1 0 1
STRIPE82-0087 iDR3.STRIPE82-0087.124282 300.5688209175557 -0.28468049616941304 3.2608902 27 4.215362 17.324825 9.0 0 0.8946015 99.0 99.0 99.0 22.053207 22.525791 21.62149 21.65049 20.10544 19.097351 19.182425 18.882486 18.775652 22.285767 21.3679 20.978617 0.8966974 1.277298 0.16132316 0.46694654 0.049996536 0.028285837 0.030866869 0.04864105 0.03876909 1 0 1
STRIPE82-0087 iDR3.STRIPE82-0087.144270 300.8651882711679 -0.10734147768224443 3.1105523 31 3.986489 17.128084 11.0 0 0.92585707 22.373096 99.0 22.331537 22.463734 21.977024 21.7607 21.397232 20.066687 19.146479 19.007845 18.657436 18.626984 0.5179861 21.3679 1.6248884 1.2947314 0.767312 0.18128723 0.36812064 0.047471378 0.028924325 0.026516497 0.03985385 0.03380687 1 0 1
STRIPE82-0002 iDR3.STRIPE82-0002.030464 359.32653511559846 0.7307049350125405 2.6164114 17 3.654837 16.442879 11.0 0 0.9595125 22.923082 23.192045 22.773634 23.094099 99.0 21.67802 21.890503 20.062687 18.90292 19.790949 19.575813 19.67237 0.7364819 1.5838709 1.6942028 1.9335597 21.473059 0.16891976 0.5415839 0.043976128 0.020750817 0.046521377 0.08132241 0.07699728 1 0 1
STRIPE82-0099 iDR3.STRIPE82-0099.105095 309.6001711964806 0.019818449036617326 2.3103888 25 3.924236 16.236242 9.0 0 0.9706384 23.343563 99.0 99.0 22.52102 99.0 21.336538 20.65205 20.081694 19.086308 19.636112 18.2878 18.274534 1.0277292 22.21197 21.849623 0.7031318 22.148928 0.098655894 0.11337988 0.03976825 0.016059099 0.039399788 0.023044752 0.016297303 1 0 1
SPLUS-s22s19 iDR3.SPLUS-s22s19.000008 26.847855994410104 -28.95996006301405 2.7944658 36 3.823238 15.224494 12.0 0 0.97681904 22.311401 24.321428 24.461845 21.678589 21.02853 20.793186 22.116737 20.074915 18.79609 18.799524 17.438965 17.280237 0.52447104 5.5723314 10.324199 0.89792925 0.44192865 0.11758638 0.88303 0.05711121 0.025261538 0.025444858 0.018793205 0.012891048 1 0 1
SPLUS-s26s51 iDR3.SPLUS-s26s51.048056 321.70082633926825 -32.90924757393808 2.7992265 25 4.3929896 16.404016 9.0 0 0.83424133 99.0 99.0 99.0 21.294024 21.946404 21.306612 20.953236 20.065023 17.789902 19.50462 19.4067 19.256138 22.43722 21.741283 21.151674 0.5234088 0.7208942 0.1447493 0.24245612 0.050898694 0.012119877 0.04035128 0.077843755 0.05732866 1 0 1
SPLUS-n16s10 iDR3.SPLUS-n16s10.000070 164.06909184877406 -20.95634583127638 2.821847 28 4.3279877 15.59036 9.0 0 0.9678096 99.0 99.0 21.636753 21.52901 99.0 20.971062 21.463692 20.017498 19.11692 18.969137 18.104034 18.13381 22.403965 21.8538 0.6461456 0.5407768 21.366116 0.10391528 0.3620737 0.04900987 0.025807984 0.028290639 0.030040385 0.024857111 1 0 1
SPLUS-n02n23 iDR3.SPLUS-n02n23.043881 180.921792782837 1.7221400300461311 2.1294382 12 3.1300552 16.126427 7.0 0 0.9969515 99.0 99.0 99.0 99.0 99.0 21.693752 21.54253 20.059208 19.355919 19.524649 19.561981 19.354364 22.329037 21.867352 21.300926 21.43228 21.497356 0.19286992 0.3758333 0.052758593 0.033661917 0.047248464 0.11925279 0.07716485 1 0 1
HYDRA-0137 iDR3.HYDRA-0137.072824 149.53116864726968 -43.271911603933965 1.8594232 12 3.5069678 16.479618 10.0 0 0.92524356 22.195187 25.27214 99.0 99.0 21.424862 21.049381 20.71354 20.090824 19.284771 19.489813 19.332363 19.036606 0.8042999 18.691706 20.751953 20.969133 0.6874635 0.1791872 0.29854724 0.067907564 0.041888 0.047363326 0.09069905 0.05483126 1 0 1
HYDRA-0112 iDR3.HYDRA-0112.037117 149.34026591062715 -39.36308656170222 2.285141 15 2.6887481 16.643864 12.0 0 0.9596842 23.918869 23.61006 21.900015 21.846756 21.575186 21.310036 21.400866 20.006353 19.205591 19.256422 19.23431 18.934608 2.746499 3.428066 1.2240298 0.87663984 0.6319129 0.13747369 0.45818496 0.047136046 0.03429977 0.037649017 0.0864114 0.055450425 1 0 1
SPLUS-s25s32 iDR3.SPLUS-s25s32.012431 50.14730457895836 -32.58136086849133 3.1765094 27 3.8624873 15.8112545 12.0 0 0.9781704 22.135738 23.643333 22.158398 21.422058 24.72083 21.487091 22.187214 20.12849 18.74977 18.679943 18.238022 18.028313 0.43743318 2.7512298 1.1840116 0.5443816 10.760562 0.18837866 0.78230697 0.048663586 0.018979862 0.019103626 0.027539892 0.01846242 1 0 1
SPLUS-s13s46 iDR3.SPLUS-s13s46.062230 347.5388156961658 -15.545569336677913 2.5578551 24 6.101519 16.474207 12.0 0 0.9208793 21.698608 21.742945 21.5908 22.17461 21.475262 21.265556 20.675364 20.133316 18.858662 20.014088 19.159151 19.501057 0.23419447 0.36233518 0.5545396 0.7208553 0.38783053 0.10467522 0.14916696 0.043697104 0.024389826 0.05513569 0.06082673 0.06929091 1 0 1
STRIPE82-0087 iDR3.STRIPE82-0087.147985 300.74169500895164 -0.06732510498022097 3.2145739 20 5.970618 17.63215 10.0 0 0.65889364 24.938108 99.0 21.272963 99.0 21.718725 21.720572 22.170612 20.17317 18.966835 19.906828 19.557878 19.460867 5.521927 21.3679 0.6275735 21.355217 0.60990304 0.17584114 0.7481046 0.052621234 0.025301134 0.05804291 0.0879144 0.07132187 1 0 1
STRIPE82-0087 iDR3.STRIPE82-0087.109099 300.6148434745698 -0.41733140946496583 3.195024 25 4.4987607 17.33579 10.0 0 0.8885931 99.0 22.800938 23.220251 22.44833 99.0 21.595192 21.583431 20.195616 19.303127 19.24066 18.971722 18.825123 22.285767 1.8128959 3.808778 1.2893591 21.442844 0.15785083 0.44012684 0.054039184 0.033450916 0.032355268 0.05237614 0.040364105 1 0 1
STRIPE82-0113 iDR3.STRIPE82-0113.001833 319.19960702683625 -1.349020329092956 3.1570961 21 4.005745 17.325125 12.0 0 0.90744036 23.588654 22.412197 21.18388 21.356873 21.686874 21.28783 20.947578 20.131746 19.36368 19.695312 19.101852 19.230988 1.7195699 0.90392417 0.4928472 0.46332613 0.60032445 0.12452086 0.26362005 0.05038962 0.03273402 0.04548746 0.061091624 0.05376377 1 0 1
SPLUS-s23s23 iDR3.SPLUS-s23s23.046490 318.85570780610004 -29.34497081349695 1.9764706 29 3.6446311 15.0801115 12.0 0 0.94890696 18.85521 18.65541 18.610966 19.097845 19.859816 21.736301 21.138533 20.16488 17.87887 18.705343 17.603035 17.919214 0.027869793 0.033552486 0.047011346 0.057156526 0.09767599 0.16951226 0.245642 0.046714842 0.011165757 0.020385852 0.0178469 0.018513527 1 0 1
SPLUS-s20s22 iDR3.SPLUS-s20s22.050610 315.29975578543895 -25.31877975974974 2.3392062 20 4.6352463 16.132477 12.0 0 0.93208206 24.051502 22.114506 21.115032 22.788239 22.989471 21.739813 21.409271 20.125229 19.16096 19.549007 19.06878 19.112392 2.0187256 0.6573832 0.39691374 1.5553533 1.7312539 0.17610794 0.32158205 0.050025467 0.027356189 0.046350017 0.06709253 0.059900943 1 0 1
SPLUS-n14s15 iDR3.SPLUS-n14s15.046243 170.4948938139312 -16.87545690623299 2.7271016 19 5.2860603 16.590092 12.0 0 0.92949706 23.255028 22.5487 21.962894 21.073555 22.529125 21.384438 21.078434 20.218752 19.551723 19.862877 19.338297 19.403542 1.1099336 0.96338284 0.9989234 0.39851665 1.4257092 0.15854082 0.28794476 0.055156585 0.037013955 0.055048373 0.07652487 0.06838892 1 0 1
SPLUS-n15s18 iDR3.SPLUS-n15s18.009474 174.12068360627623 -19.41389514476072 2.7390583 23 4.992403 16.44938 12.0 0 0.8553413 24.362644 22.44817 24.155048 21.639036 21.553778 21.322964 20.818909 20.119093 19.366827 19.723684 19.379662 19.318077 2.118063 0.62203646 5.1308584 0.48237687 0.45032853 0.12022661 0.180763 0.04637745 0.03151215 0.044372052 0.085035615 0.056247998 1 0 1
SPLUS-n09s42 iDR3.SPLUS-n09s42.036544 207.60910291368498 -10.734915786459737 1.7957586 16 3.0600812 15.187607 11.0 0 0.96025693 23.199648 21.897663 21.622375 22.286674 99.0 21.62329 20.883774 20.197495 19.237625 18.970379 18.460361 18.597837 0.97722906 0.46570048 0.5991008 0.98502135 21.50329 0.18119688 0.20783587 0.055273183 0.0292097 0.027240751 0.043519843 0.035817575 1 0 1
HYDRA-0020 iDR3.HYDRA-0020.043782 163.87838619755445 -23.527063591200143 2.9096704 22 3.7381418 16.188986 10.0 0 0.98378795 99.0 22.518951 23.689577 22.30192 99.0 21.235277 20.899841 20.21265 18.729424 19.161797 18.855118 18.802286 21.879501 0.9341095 4.166647 1.1369522 21.33846 0.15598218 0.24798906 0.065259114 0.022233464 0.03725034 0.057484813 0.049856964 1 0 1
HYDRA-0088 iDR3.HYDRA-0088.000889 153.75321810682465 -35.68078237361682 1.7558638 9 2.9047112 15.662201 10.0 0 0.9713499 23.024576 23.075542 99.0 21.980392 99.0 21.489296 21.758572 20.219196 18.786749 19.557568 19.219666 19.371908 0.6994218 1.0843453 21.579395 0.5908376 21.768503 0.13001765 0.3873124 0.046066016 0.019759495 0.03879301 0.07008051 0.062521026 1 0 1
SPLUS-s02s08 iDR3.SPLUS-s02s08.023898 334.1646249202949 -1.5114683355591891 2.22691 23 4.035218 15.972919 11.0 0 0.9925262 24.390278 99.0 21.560413 22.370943 21.344894 21.840363 22.297613 20.263542 19.390118 19.372486 18.990128 18.638035 4.1910872 21.757591 0.61669236 1.0449495 0.38508984 0.19414994 0.7045151 0.05452589 0.032303125 0.037081636 0.056182627 0.035894886 1 0 1
SPLUS-s24s43 iDR3.SPLUS-s24s43.040600 66.63402164549336 -30.559529364791057 5.2031746 25 4.7266345 17.365921 12.0 0 0.5959892 21.863869 23.64109 22.811737 21.64064 21.48897 21.692059 21.35269 20.332813 19.263378 20.160168 19.553398 19.809044 0.24478047 2.2488422 2.0759335 0.5348513 0.440081 0.16732459 0.304759 0.05033705 0.026856307 0.06611441 0.10836944 0.09355464 1 0 1
STRIPE82-0087 iDR3.STRIPE82-0087.023708 300.94074915334073 -1.1602197427639678 2.9737618 23 5.070395 17.598764 9.0 0 0.70357656 23.596577 99.0 99.0 22.760578 99.0 21.44319 21.261482 20.304152 18.75274 19.743452 19.575869 19.38859 1.5323951 21.3679 20.978617 1.7059605 21.442844 0.13702683 0.32682222 0.057595525 0.02095488 0.049507592 0.08866454 0.06634059 1 0 1
STRIPE82-0087 iDR3.STRIPE82-0087.151092 300.931269893933 -0.08610314709221138 4.161129 22 1.82 18.017078 8.0 0 0.67552626 99.0 21.826584 99.0 99.0 99.0 21.86331 20.905872 20.332205 19.12144 19.846035 19.380016 19.442636 22.285767 0.7171026 20.978617 21.355217 21.442844 0.19829929 0.23583622 0.059575155 0.028290162 0.05452978 0.07438726 0.0694659 1 0 1
STRIPE82-0087 iDR3.STRIPE82-0087.129765 301.0699341646362 -0.23713260476792897 2.9866462 32 4.6708565 17.085932 9.0 0 0.93195885 22.483528 99.0 99.0 99.0 22.498724 21.74308 21.986343 20.291853 18.774624 18.975271 18.583319 18.465712 0.56301624 21.3679 20.978617 21.355217 1.2289069 0.177457 0.6252372 0.056970812 0.021301217 0.02558828 0.037184604 0.029191034 1 0 1
STRIPE82-0113 iDR3.STRIPE82-0113.074585 318.4776016842348 0.03790568238229138 2.7535577 11 1.82 16.51334 7.0 0 0.7883409 99.0 99.0 99.0 99.0 99.0 21.279871 21.207108 20.310154 18.910713 19.717606 18.514416 19.633411 22.1641 21.680141 21.11186 21.390652 21.429243 0.12636918 0.3398335 0.060006797 0.0239309 0.04750303 0.037887856 0.07699931 1 0 1
SPLUS-n10s35 iDR3.SPLUS-n10s35.005585 197.59393015971435 -12.750693005966 4.8815026 22 6.7347417 17.208853 11.0 0 0.7718199 22.251698 22.171413 22.144129 99.0 23.575012 21.576084 21.079296 20.315132 19.526115 20.004463 19.590939 19.96107 0.3899394 0.58500975 1.1374459 21.38809 3.3475688 0.18978903 0.26736423 0.06586274 0.04087512 0.06701388 0.121643886 0.11947916 1 0 1
HYDRA-0099 iDR3.HYDRA-0099.004248 157.4160928875041 -36.9999377610388 3.6196735 19 2.2963579 16.92845 12.0 0 0.5576385 22.466698 21.288643 21.468231 22.353394 21.98273 21.54671 21.873127 20.326992 19.612661 19.911373 19.36445 19.4817 0.44361168 0.24745491 0.46593347 0.97749484 0.7073142 0.16397679 0.5285088 0.06339874 0.039013285 0.060349923 0.07537339 0.074580655 1 0 1
HYDRA-0027 iDR3.HYDRA-0027.043950 160.0612378577796 -25.005234259201504 5.094701 33 3.9702113 16.697454 9.0 0 0.9222519 99.0 22.706903 99.0 23.487259 99.0 21.385937 21.16529 20.249035 19.292692 19.386847 19.208576 18.943714 22.45532 0.99278176 21.20323 3.2840488 21.293013 0.15099068 0.289384 0.051519632 0.031266157 0.037785396 0.0791847 0.050629467 1 0 1
SPLUS-s25s48 iDR3.SPLUS-s25s48.023401 74.67197376855974 -32.32577870784293 3.4247665 21 4.380374 16.819145 10.0 0 0.7242674 99.0 99.0 25.167397 22.222301 21.392616 21.714172 21.312813 20.353151 19.365993 19.768087 19.186932 19.472237 22.479715 21.987312 16.794035 0.94983256 0.4138293 0.16584244 0.2920693 0.05798274 0.03209793 0.056311324 0.074187055 0.088209435 1 0 1
SPLUS-s28s35 iDR3.SPLUS-s28s35.039399 57.509130564336886 -35.8326311130568 5.054286 15 6.909794 16.88953 12.0 0 0.6428669 22.15931 21.99388 20.675947 20.900072 21.517681 21.627768 21.008312 20.354088 19.549965 20.875385 18.698065 19.33482 0.43675205 0.6296197 0.39856488 0.32996517 0.5527777 0.19448647 0.4350309 0.060826547 0.062490538 0.1918726 0.048181534 0.0963986 1 0 1
