Star-v5/Red1-Halpha-DR3_PStotal-STAR_total-clean-unique.ecsv
# %ECSV 1.0
# ---
# datatype:
# - {name: Field, datatype: string}
# - {name: ID, datatype: string}
# - {name: RA, datatype: float64}
# - {name: DEC, datatype: float64}
# - {name: FWHM, datatype: float32}
# - {name: ISOarea, datatype: int32}
# - {name: KRON_RADIUS, datatype: float32}
# - {name: MU_MAX, datatype: float32}
# - {name: nDet_PStotal, datatype: float32}
# - {name: PhotoFlagDet, datatype: int16}
# - {name: CLASS_STAR, datatype: float32}
# - {name: u_PStotal, datatype: float32}
# - {name: J0378_PStotal, datatype: float32}
# - {name: J0395_PStotal, datatype: float32}
# - {name: J0410_PStotal, datatype: float32}
# - {name: J0430_PStotal, datatype: float32}
# - {name: g_PStotal, datatype: float32}
# - {name: J0515_PStotal, datatype: float32}
# - {name: r_PStotal, datatype: float32}
# - {name: J0660_PStotal, datatype: float32}
# - {name: i_PStotal, datatype: float32}
# - {name: J0861_PStotal, datatype: float32}
# - {name: z_PStotal, datatype: float32}
# - {name: e_u_PStotal, datatype: float32}
# - {name: e_J0378_PStotal, datatype: float32}
# - {name: e_J0395_PStotal, datatype: float32}
# - {name: e_J0410_PStotal, datatype: float32}
# - {name: e_J0430_PStotal, datatype: float32}
# - {name: e_g_PStotal, datatype: float32}
# - {name: e_J0515_PStotal, datatype: float32}
# - {name: e_r_PStotal, datatype: float32}
# - {name: e_J0660_PStotal, datatype: float32}
# - {name: e_i_PStotal, datatype: float32}
# - {name: e_J0861_PStotal, datatype: float32}
# - {name: e_z_PStotal, datatype: float32}
# - {name: Label_k, datatype: int32}
# - {name: Label_sp, datatype: int32}
# - {name: Label_hier, datatype: int64}
# meta: !!omap
# - {TCOMM1: description}
# - {TCOMM2: description}
# - {TCOMM3: description}
# - {TCOMM4: description}
# - {TCOMM5: description}
# - {TCOMM6: description}
# - {TCOMM7: description}
# - {TCOMM8: description}
# - {TCOMM9: description}
# - {TCOMM10: description}
# - {TCOMM11: description}
# - {TCOMM12: description}
# - {TCOMM13: description}
# - {TCOMM14: description}
# - {TCOMM15: description}
# - {TCOMM16: description}
# - {TCOMM17: description}
# - {TCOMM18: description}
# - {TCOMM19: description}
# - {TCOMM20: description}
# - {TCOMM21: description}
# - {TCOMM22: description}
# - {TCOMM23: description}
# - {TCOMM24: description}
# - {TCOMM25: description}
# - {TCOMM26: description}
# - {TCOMM27: description}
# - {TCOMM28: description}
# - {TCOMM29: description}
# - {TCOMM30: description}
# - {TCOMM31: description}
# - {TCOMM32: description}
# - {TCOMM33: description}
# - {TCOMM34: description}
# - {TCOMM35: description}
# - {DATE-HDU: '2022-08-03T03:18:20'}
# - {STILVERS: 3.3-2}
# - {STILCLAS: uk.ac.starlink.fits.FitsTableWriter}
# schema: astropy-2.0
Field ID RA DEC FWHM ISOarea KRON_RADIUS MU_MAX nDet_PStotal PhotoFlagDet CLASS_STAR u_PStotal J0378_PStotal J0395_PStotal J0410_PStotal J0430_PStotal g_PStotal J0515_PStotal r_PStotal J0660_PStotal i_PStotal J0861_PStotal z_PStotal e_u_PStotal e_J0378_PStotal e_J0395_PStotal e_J0410_PStotal e_J0430_PStotal e_g_PStotal e_J0515_PStotal e_r_PStotal e_J0660_PStotal e_i_PStotal e_J0861_PStotal e_z_PStotal Label_k Label_sp Label_hier
[from data line 126]
HYDRA-0081 iDR3.HYDRA-0081.049985 157.60828622424032 -33.25181920645588 3.6101527 49 3.970884 15.276714 12.0 0 0.97853076 22.542152 22.223232 21.551777 21.843039 22.804111 20.326605 19.998068 19.037502 17.817059 17.69962 17.330599 17.13943 0.627632 0.760849 0.6280213 0.657558 1.9167807 0.075569056 0.14503662 0.024841674 0.013172982 0.012004742 0.018281959 0.013270586 1 0 1
HYDRA-0126 iDR3.HYDRA-0126.008373 160.14354515001318 -41.08946408391036 1.8662639 33 3.2354305 14.655132 12.0 0 0.99167067 22.299227 22.354622 22.399302 21.096676 21.284737 20.209509 20.195332 18.971684 18.294739 18.281712 18.017054 17.909506 0.39336753 0.7634579 1.3044634 0.29962015 0.3416936 0.046952374 0.10571494 0.018875184 0.0144067155 0.0147076305 0.024236422 0.01789811 1 0 1
HYDRA-0026 iDR3.HYDRA-0026.026456 159.50127714487684 -25.46366543452096 1.7407815 17 3.8829792 14.411637 11.0 0 0.96698517 22.723162 99.0 21.080149 21.03709 21.364632 20.288591 20.21137 19.04229 18.300766 18.207695 17.924408 17.877945 0.78078973 21.63431 0.48450637 0.53102696 0.6523413 0.10771328 0.20015176 0.03307687 0.021605872 0.019430006 0.029947411 0.022526909 1 0 1
HYDRA-0141 iDR3.HYDRA-0141.035428 157.1805128990359 -43.50659297712311 3.408509 37 3.43855 15.84313 12.0 0 0.97696316 22.118774 21.458435 21.59264 20.589142 20.515596 20.085358 19.959637 19.040749 18.587038 18.548317 17.941751 18.262318 0.46467078 0.38953155 0.71249956 0.25461483 0.23660478 0.054816775 0.10306817 0.021996671 0.019901885 0.019872745 0.027766325 0.026906243 1 0 1
HYDRA-0047 iDR3.HYDRA-0047.074585 162.5554721802567 -27.363847969376 3.2038765 81 3.4947126 13.762531 12.0 0 0.97471493 24.437576 24.358524 20.779125 21.408173 21.011694 21.071095 20.47707 19.045074 17.09718 17.411413 16.01506 16.32671 2.3786387 3.3986917 0.22782108 0.3699774 0.24567677 0.08811824 0.12561522 0.019714374 0.007154712 0.008280249 0.0068102586 0.0059840293 1 0 1
HYDRA-0114 iDR3.HYDRA-0114.044355 152.94097438434653 -39.14456581293086 3.391318 44 3.8087142 15.3041315 10.0 0 0.9798986 22.471579 99.0 21.72168 21.767689 99.0 20.296833 20.221573 19.024471 17.855175 17.867481 17.490118 17.39877 0.7771933 21.590261 0.8493311 0.7657845 21.087498 0.069106 0.15460959 0.023084356 0.013483033 0.014140949 0.023201017 0.016603267 1 0 1
SPLUS-s29s44 iDR3.SPLUS-s29s44.028559 72.37680237075003 -37.47864211298977 2.427069 41 4.228999 15.324313 10.0 0 0.9765042 23.14144 99.0 24.612698 99.0 20.698761 20.53308 20.535213 19.203875 18.257177 18.341354 18.031372 17.92072 0.96895766 21.745434 12.061999 21.218773 0.2924744 0.074351124 0.18658538 0.02572839 0.01541101 0.016458781 0.026908938 0.019123694 1 0 1
SPLUS-s30s36 iDR3.SPLUS-s30s36.024431 60.27679955989875 -38.84409397696582 2.2214463 34 3.5625882 14.679358 9.0 0 0.979053 99.0 21.881903 99.0 99.0 23.106445 20.391798 20.502539 19.233269 18.11388 18.040733 17.702076 17.55873 22.089422 0.651377 21.132204 21.119684 2.9410274 0.091086775 0.21549411 0.028719546 0.014306269 0.013426708 0.020167 0.014132426 1 0 1
SPLUS-s25s47 iDR3.SPLUS-s25s47.029105 73.55287502247484 -31.98780657754398 2.3492024 25 4.3032603 16.020216 12.0 0 0.9758172 24.106823 21.563473 22.170414 21.465534 21.449123 20.40331 20.175371 19.256104 18.764019 18.80935 18.666039 18.581976 2.4055648 0.4338186 1.3237121 0.55642724 0.5266475 0.063141465 0.12607418 0.025061997 0.020488368 0.025669489 0.051882558 0.040698957 1 0 1
SPLUS-n02s38 iDR3.SPLUS-n02s38.020044 201.41733947691347 -1.5458824801158597 2.4323819 28 3.7200437 15.0964775 11.0 0 0.9761056 99.0 23.004814 21.672684 22.755802 20.905153 20.54541 20.204935 19.202736 18.605629 18.540176 18.339592 18.204948 22.573368 1.1555437 0.5860297 1.2915924 0.25042042 0.065148816 0.10670858 0.02353397 0.017510165 0.017813276 0.033775058 0.022466846 1 0 1
HYDRA-0017 iDR3.HYDRA-0017.006125 159.47885157911082 -24.42906249628565 4.4164124 35 4.2538996 16.413769 12.0 0 0.8114663 21.886658 21.298294 20.540802 22.122538 20.880291 20.598589 20.25148 19.258667 18.75928 19.034674 18.289215 18.23791 0.43805465 0.3999506 0.3318845 1.3677331 0.41971463 0.12057943 0.20314667 0.04284911 0.03521186 0.051215537 0.060973417 0.04601087 1 0 1
STRIPE82-0106 iDR3.STRIPE82-0106.039365 313.57131299195976 0.7471808519422622 3.0199718 22 3.2774324 15.575006 12.0 0 0.93470585 22.4825 21.56821 21.486094 21.947403 21.736973 20.316103 20.547575 19.31907 18.381668 18.891674 18.691334 18.559288 1.2590321 0.74412274 0.9873259 1.3554897 1.0631733 0.11940564 0.27787313 0.03916703 0.0218081 0.032519873 0.0544493 0.040485177 1 0 1
STRIPE82-0143 iDR3.STRIPE82-0143.012573 340.7617778538102 -1.051574391492504 2.6434965 35 3.895371 16.19502 9.0 0 0.96789104 99.0 22.798798 99.0 99.0 21.278048 20.440744 20.441324 19.225025 17.588509 18.424751 18.197578 18.04284 22.074749 1.3935826 21.14637 21.44296 0.37958097 0.066923596 0.15741809 0.026055582 0.00948737 0.018377904 0.03157855 0.023399258 1 0 1
STRIPE82-0013 iDR3.STRIPE82-0013.036763 9.10579672267925 -0.4853030603908992 2.4646966 49 4.882781 16.167562 12.0 0 0.50736684 21.333723 20.76739 20.329302 21.218565 20.966417 20.249687 20.23172 19.272081 18.786343 18.82489 18.27678 18.443348 0.20668565 0.20105161 0.2148541 0.38379693 0.2820687 0.049135935 0.14996754 0.025731655 0.022533052 0.023502737 0.037581928 0.030621398 1 0 1
STRIPE82-0008 iDR3.STRIPE82-0008.042225 4.36555053346315 1.0491831700513166 2.551701 51 3.964539 15.279205 12.0 0 0.90008056 21.358408 20.716225 20.613197 20.66934 20.789125 20.244371 19.943525 19.170685 18.30591 18.829628 18.35056 18.378551 0.17604616 0.15111974 0.21922272 0.18728468 0.19361657 0.045837894 0.084432416 0.021429176 0.013761949 0.022448512 0.035969 0.028413942 1 0 1
STRIPE82-0087 iDR3.STRIPE82-0087.009038 300.9744218585411 -1.291154282720932 2.8842068 58 3.3284369 15.735495 10.0 0 0.9823909 22.252188 21.958082 99.0 99.0 21.558674 20.720736 20.440868 19.257452 18.117462 17.702723 17.185743 16.990385 0.44965455 0.7849846 20.978617 21.355217 0.5305112 0.073231146 0.15799361 0.023898512 0.013055896 0.009388805 0.012403843 0.0088014165 1 0 1
STRIPE82-0087 iDR3.STRIPE82-0087.097111 301.0639345798273 -0.5225457890557925 3.1696694 56 2.2544503 15.916812 12.0 0 0.9812523 22.908203 22.739235 21.800621 21.405777 21.742857 20.659775 20.393227 19.186678 17.281961 17.931108 17.482718 17.374212 0.83109134 1.626872 0.98460513 0.49057072 0.61665803 0.068367586 0.14899781 0.022512918 0.0074570184 0.010994543 0.015203068 0.011652227 1 0 1
STRIPE82-0075 iDR3.STRIPE82-0075.013022 53.15358621025001 -1.0259230259850036 2.2064574 19 2.7964778 13.915068 12.0 0 0.97314495 22.353645 22.335453 24.540115 21.237198 21.14833 20.431679 19.936644 19.201706 18.199444 18.057472 17.012886 17.364647 0.5350114 0.8153092 9.830567 0.46162874 0.41024902 0.08482404 0.11454796 0.027225537 0.014482651 0.013509545 0.012789941 0.013155376 1 0 1
STRIPE82-0075 iDR3.STRIPE82-0075.039849 52.889091716852505 -0.2536912627567203 2.0610647 27 3.7698822 14.498152 10.0 0 0.96756405 26.055069 99.0 99.0 21.847734 20.899601 20.780987 20.529697 19.266888 18.3376 18.20083 17.818338 17.720156 16.40132 21.70716 21.193798 0.7974397 0.32642895 0.11452232 0.19066451 0.028933661 0.01604526 0.015131891 0.023116436 0.017451249 1 0 1
STRIPE82-0120 iDR3.STRIPE82-0120.053100 322.93321402995815 1.058290010221539 2.1695445 28 3.4085953 15.684937 11.0 0 0.9989627 22.608124 22.870413 99.0 21.18798 21.950573 20.515717 20.42978 19.159367 18.248472 18.196178 17.818121 17.76482 1.0173928 2.0727286 20.752151 0.5410846 1.007613 0.10586442 0.2181815 0.034502804 0.017547991 0.019655451 0.025894 0.023429027 1 0 1
STRIPE82-0105 iDR3.STRIPE82-0105.010854 313.08959002331443 -1.201273249013785 2.830108 39 3.8609593 15.778245 11.0 0 0.98034185 23.176224 23.749546 99.0 24.990736 22.485529 20.66208 20.493689 19.298111 18.42469 17.977001 17.535507 17.368868 1.1677533 3.0099988 21.121443 12.257213 1.1903353 0.072507836 0.18178317 0.026334133 0.01824365 0.012737226 0.027684132 0.012766521 1 0 1
STRIPE82-0105 iDR3.STRIPE82-0105.074946 312.830218466034 0.03286294075446237 3.3113186 39 2.2320771 16.347153 8.0 0 0.9697848 99.0 99.0 99.0 99.0 22.393826 20.674713 21.076414 19.2201 18.702286 18.543945 18.05734 18.007038 22.152048 21.695583 21.121443 21.416122 1.1461146 0.07640067 0.31840193 0.025332984 0.02259029 0.019810336 0.04201927 0.021327764 1 0 1
STRIPE82-0097 iDR3.STRIPE82-0097.027633 307.519215740721 -1.0910396108263138 1.8676374 21 3.3242908 14.728108 12.0 0 0.96613425 23.584135 22.320272 22.803677 21.912975 20.975168 20.145208 20.10515 19.132824 18.561422 18.633549 18.440245 18.40076 1.3190804 0.5979913 1.4337728 0.5613034 0.25016773 0.04490059 0.0982664 0.023049222 0.016827622 0.019624123 0.033859547 0.0277409 1 0 1
SPLUS-n15s08 iDR3.SPLUS-n15s08.017361 160.71623792814762 -19.056797239093747 3.9972992 49 4.3347178 15.694694 11.0 0 0.96783054 24.056253 23.592041 99.0 21.450542 21.434341 20.573648 20.374098 19.24299 17.701632 17.989483 17.627106 17.45793 2.6837003 3.001807 21.019014 0.6134623 0.6222525 0.09588898 0.18243311 0.034358755 0.013965531 0.017645672 0.028234122 0.020236107 1 0 1
SPLUS-n16s06 iDR3.SPLUS-n16s06.002103 158.6802427980715 -20.907170305788394 2.057805 27 4.180362 15.161097 10.0 0 0.96904 99.0 99.0 21.862572 20.998135 21.423595 20.563456 20.317043 19.268703 18.018225 18.569565 18.378849 18.349665 22.435158 21.913649 0.7692942 0.30354148 0.43339926 0.07200062 0.12868427 0.02686062 0.013066258 0.021740908 0.037968993 0.032492157 1 0 1
SPLUS-n01s21 iDR3.SPLUS-n01s21.025922 177.87268901124386 -0.05933010764449814 3.3432577 49 4.8043547 15.819341 12.0 0 0.7916102 21.07603 21.384686 21.029222 20.408188 20.05232 20.033234 19.7342 19.179836 18.591763 18.861149 18.188232 18.291885 0.16142501 0.34371397 0.4050203 0.21078257 0.15393558 0.053153817 0.088878155 0.027103236 0.020919098 0.025440935 0.037912764 0.027515886 1 0 1
SPLUS-n12s36 iDR3.SPLUS-n12s36.051379 200.82535250909223 -14.362565540138853 2.4888592 36 3.591205 15.030937 12.0 0 0.985907 23.374546 23.833141 21.69873 22.336622 21.553978 20.493248 20.684736 19.322277 18.494541 18.11369 17.722996 17.56125 1.2086861 2.6353066 0.6730616 1.0261418 0.4857545 0.0642639 0.16945387 0.02889464 0.019609747 0.014584887 0.026864035 0.016873388 1 0 1
SPLUS-n12s41 iDR3.SPLUS-n12s41.071638 207.9495029175492 -14.369124938844184 2.4974148 44 3.4026508 15.097319 12.0 0 0.9810634 23.113668 23.028664 21.66373 21.670425 21.276926 20.491743 20.157614 19.203228 18.384865 18.307323 18.00259 17.908533 0.61446595 0.82621574 0.40167305 0.34972462 0.23361602 0.043161526 0.072237745 0.016706692 0.0111114 0.0110315215 0.018849587 0.013852136 1 0 1
SPLUS-n03s44 iDR3.SPLUS-n03s44.032113 208.88961858470066 -2.485404525733912 2.1720781 22 3.4566898 15.299901 11.0 0 0.99772793 99.0 22.498219 22.690353 22.4412 21.463675 20.577019 20.283777 19.23919 17.240425 18.580568 18.279762 18.289167 22.421122 0.8108625 1.7063608 1.1175262 0.46822646 0.07843327 0.12862751 0.028284976 0.008348317 0.024696443 0.049515415 0.03657802 1 0 1
HYDRA-0115 iDR3.HYDRA-0115.073372 156.31324775142613 -38.84647003417361 2.2915316 39 3.6086144 14.975521 11.0 0 0.97815216 23.238886 22.607635 99.0 21.865932 22.535652 20.575523 20.463692 19.224804 18.419493 18.240704 17.945602 17.852942 1.3124229 1.0206627 21.299002 0.6798967 1.1837674 0.07113986 0.14427972 0.022895578 0.015239588 0.013883879 0.021631092 0.015821483 1 0 1
HYDRA-0162 iDR3.HYDRA-0162.177959 155.02716387060363 -46.66471489601969 2.9062235 24 2.8182576 15.875129 11.0 0 0.95542854 21.673521 99.0 22.459415 21.209389 21.467472 20.375347 20.302536 19.291443 17.840706 18.84496 18.692703 18.578506 0.29220065 21.82535 1.3707248 0.40407217 0.48677653 0.06781738 0.13397199 0.027486846 0.012175927 0.024209367 0.044105735 0.0342268 1 0 1
HYDRA-0143 iDR3.HYDRA-0143.065112 161.26658418576494 -43.12306328967973 3.0247993 41 4.2010884 15.730343 12.0 0 0.9195507 21.20045 21.582985 20.839725 22.277063 20.634865 20.456661 20.321644 19.262814 18.78298 18.798481 18.328693 18.386429 0.20448743 0.44330075 0.3547737 1.2370987 0.27208862 0.09978867 0.1764648 0.030082492 0.02451432 0.024147771 0.034507997 0.028841108 1 0 1
HYDRA-0164 iDR3.HYDRA-0164.149369 159.10367595351664 -46.568094885990845 5.1401334 35 5.3886957 15.452824 11.0 0 0.95609844 99.0 24.27014 24.56276 23.056244 23.41905 20.189283 21.926502 19.283003 18.239965 18.875496 19.228872 18.485144 21.357237 9.216601 17.829212 4.3838353 5.76726 0.10955724 1.0760818 0.038867336 0.018978199 0.030255482 0.077962495 0.034914907 1 0 1
HYDRA-0078 iDR3.HYDRA-0078.059007 151.79527809719292 -33.373764693024256 2.190722 25 3.5106914 15.229242 12.0 0 0.97130394 21.86459 22.358086 21.914312 21.167902 21.587921 20.650768 20.240635 19.25515 18.556078 18.629282 18.415476 18.347319 0.27135614 0.644721 0.7219888 0.3308732 0.49087954 0.071843706 0.11821992 0.023391917 0.017639512 0.019706639 0.03697385 0.027612953 1 0 1
HYDRA-0128 iDR3.HYDRA-0128.002394 163.53289177124336 -41.14836145233572 3.203193 32 3.9354734 15.68468 11.0 0 0.9120189 23.07839 22.70138 99.0 21.461718 21.185894 20.313183 20.31023 19.121115 18.537304 18.610855 18.399967 18.335331 0.882902 0.96653324 21.347414 0.47453243 0.356739 0.06873095 0.13201265 0.023471326 0.017917056 0.02152093 0.0404117 0.031939372 1 0 1
HYDRA-0152 iDR3.HYDRA-0152.116005 150.35891689602002 -45.82298822152753 3.7334177 65 4.4997387 15.649428 12.0 0 0.707992 25.355804 22.068398 22.62123 21.00562 23.953636 20.481243 20.09411 19.28257 18.016996 18.598763 18.232645 18.147322 8.721191 0.6514828 1.6988208 0.32925546 4.5733523 0.06885302 0.11350129 0.02714956 0.013734369 0.020467227 0.034042623 0.023232795 1 0 1
SPLUS-s03s01 iDR3.SPLUS-s03s01.006221 324.469678643108 -3.2950425957190133 3.289187 43 4.769972 15.963675 12.0 0 0.76096433 22.06581 21.51173 22.197851 20.847786 21.230358 20.525543 20.58801 19.376322 18.21016 19.260677 18.626057 18.7509 0.3445208 0.33269948 1.0032015 0.27407625 0.36143717 0.066679 0.15726787 0.027670944 0.014106952 0.035736583 0.047428686 0.043969654 1 0 1
STRIPE82-0087 iDR3.STRIPE82-0087.135488 300.6807375563228 -0.18393321941710097 3.1480563 35 5.2374325 16.943064 12.0 0 0.9592547 23.666897 22.338837 21.61852 21.679785 21.086021 20.390228 20.145172 19.476889 18.984364 19.068827 18.915094 18.802372 1.7118145 1.1596674 0.85705036 0.632232 0.34180287 0.054563563 0.12035612 0.029110262 0.025565516 0.02789968 0.04972754 0.03944583 1 0 1
STRIPE82-0117 iDR3.STRIPE82-0117.033017 321.97575148119097 -0.7341249917974254 2.9658854 29 3.4650233 16.333412 10.0 0 0.97842646 99.0 22.622707 99.0 21.808199 20.57104 20.625528 20.182163 19.495092 18.904812 18.717892 18.217434 18.299454 22.104979 1.2791051 21.107256 0.7149473 0.21566014 0.07325222 0.13184328 0.035334256 0.02431838 0.022383565 0.033727355 0.02619911 1 0 1
STRIPE82-0133 iDR3.STRIPE82-0133.022490 332.8678209695767 -0.8097588612512464 3.4422789 39 4.5215716 16.784464 12.0 0 0.83168024 21.35639 21.526897 21.128595 20.889114 20.712427 20.711445 20.238834 19.491764 18.834625 19.049353 18.535797 18.652884 0.24396369 0.4398331 0.4798086 0.3034986 0.24744745 0.07867026 0.14687124 0.033250853 0.024710942 0.030194478 0.046290994 0.03960981 1 0 1
STRIPE82-0144 iDR3.STRIPE82-0144.013719 340.6974539115072 0.34156870534984674 4.466896 43 4.1948576 16.12446 11.0 0 0.97400594 99.0 26.62521 24.43755 23.023352 21.687645 20.618261 20.524342 19.336576 18.430035 18.549564 18.310688 18.181768 22.349817 32.61235 7.5052686 1.6737291 0.46236894 0.06439726 0.13696216 0.024005415 0.014549786 0.017323157 0.030344136 0.022590782 1 0 1
STRIPE82-0099 iDR3.STRIPE82-0099.011117 308.8415057178947 -1.2370604293507987 2.043025 28 3.371905 16.13691 11.0 0 0.9694671 23.44656 99.0 21.96072 21.528477 20.894932 20.666359 20.105076 19.543348 18.689905 19.012407 18.079134 18.568235 1.1172733 22.21197 0.5132651 0.27973393 0.15202962 0.05445663 0.069097355 0.025274461 0.011852781 0.022816816 0.0193784 0.020934418 1 0 1
