Star-v5/20r21-emitters/Good-Halpha-DR3-SPLUS-PStotal-STAR-20r21-good-rev-merge-comp-v3-v5.ecsv
# %ECSV 1.0
# ---
# datatype:
# - {name: Field, datatype: string}
# - {name: ID, datatype: string}
# - {name: RA, datatype: float64}
# - {name: DEC, datatype: float64}
# - {name: FWHM, datatype: float64}
# - {name: ISOarea, datatype: int64}
# - {name: KRON_RADIUS, datatype: float64}
# - {name: MU_MAX, datatype: float64}
# - {name: nDet_PStotal, datatype: float64}
# - {name: PhotoFlagDet, datatype: int64}
# - {name: CLASS_STAR, datatype: float64}
# - {name: u_PStotal, datatype: float64}
# - {name: J0378_PStotal, datatype: float64}
# - {name: J0395_PStotal, datatype: float64}
# - {name: J0410_PStotal, datatype: float64}
# - {name: J0430_PStotal, datatype: float64}
# - {name: g_PStotal, datatype: float64}
# - {name: J0515_PStotal, datatype: float64}
# - {name: r_PStotal, datatype: float64}
# - {name: J0660_PStotal, datatype: float64}
# - {name: i_PStotal, datatype: float64}
# - {name: J0861_PStotal, datatype: float64}
# - {name: z_PStotal, datatype: float64}
# - {name: e_u_PStotal, datatype: float64}
# - {name: e_J0378_PStotal, datatype: float64}
# - {name: e_J0395_PStotal, datatype: float64}
# - {name: e_J0410_PStotal, datatype: float64}
# - {name: e_J0430_PStotal, datatype: float64}
# - {name: e_g_PStotal, datatype: float64}
# - {name: e_J0515_PStotal, datatype: float64}
# - {name: e_r_PStotal, datatype: float64}
# - {name: e_J0660_PStotal, datatype: float64}
# - {name: e_i_PStotal, datatype: float64}
# - {name: e_J0861_PStotal, datatype: float64}
# - {name: e_z_PStotal, datatype: float64}
# - {name: r - i, datatype: float64}
# - {name: r - J0660, datatype: float64}
# - {name: e(r - i), datatype: float64}
# - {name: e(r - J0660), datatype: float64}
# - {name: P(GoodPho), datatype: float64}
# - {name: P(BadPho), datatype: float64}
# schema: astropy-2.0
Field ID RA DEC FWHM ISOarea KRON_RADIUS MU_MAX nDet_PStotal PhotoFlagDet CLASS_STAR u_PStotal J0378_PStotal J0395_PStotal J0410_PStotal J0430_PStotal g_PStotal J0515_PStotal r_PStotal J0660_PStotal i_PStotal J0861_PStotal z_PStotal e_u_PStotal e_J0378_PStotal e_J0395_PStotal e_J0410_PStotal e_J0430_PStotal e_g_PStotal e_J0515_PStotal e_r_PStotal e_J0660_PStotal e_i_PStotal e_J0861_PStotal e_z_PStotal "r - i" "r - J0660" "e(r - i)" "e(r - J0660)" P(GoodPho) P(BadPho)
[from data line 259]
b'STRIPE82-0017' b'iDR3.STRIPE82-0017.021131' 11.404389044131229 -0.8052920775559873 3.4172843 7 7.347808 17.238552 12.0 3 0.5172371 21.50419 21.891026 21.442013 22.450989 22.279572 21.634243 21.04158 20.990599 20.370127 21.235783 20.397661 20.258648 0.26437664 0.5260653 0.54500544 1.0951536 0.88102233 0.17368451 0.2393303 0.10340859 0.068893224 0.17826194 0.19972512 0.16932353 -0.24518400000000184 0.6204719999999995 0.2060840987033005 0.12425623847075959 0.855838558606027 0.14416144139397302
b'STRIPE82-0059' b'iDR3.STRIPE82-0059.007984' 40.85052572966759 -1.22645722290896 3.5695295 16 4.9865127 18.206186 11.0 0 0.7289901 22.85852 23.1971 99.0 25.60539 21.787746 22.194496 21.955418 20.923538 19.81137 20.382015 20.119728 20.172703 0.67825633 1.2733842 21.581684 15.171968 0.41943944 0.20832708 0.46376464 0.0702258 0.03635093 0.06213653 0.13612385 0.09756832 0.5415230000000015 1.1121680000000005 0.09376892526888052 0.07907624863070391 0.7281033432962777 0.2718966567037223
b'STRIPE82-0087' b'iDR3.STRIPE82-0087.017911' 300.6081479919972 -1.2109473547121556 6.4216743 23 6.682416 17.450619 11.0 3 0.9055275 26.719736 24.46301 99.0 21.80725 20.773882 20.827608 20.441868 20.047453 18.062885 19.939352 19.863066 19.55888 27.38166 7.850823 20.978617 0.7156412 0.26025587 0.079957694 0.15740593 0.046786945 0.012696087 0.05928042 0.115332015 0.0778423 0.10810100000000133 1.9845679999999994 0.07551944397179726 0.04847895262425329 0.2895331833239738 0.7104668166760262
b'STRIPE82-0087' b'iDR3.STRIPE82-0087.023938' 300.46901346116664 -1.1582461174493603 4.264592 29 3.997646 17.512577 12.0 3 0.7794898 22.529686 21.780188 22.27072 21.353481 20.880688 20.641378 20.711563 20.069204 18.505583 19.708447 19.563951 19.403337 0.57841593 0.66747856 1.487782 0.46426815 0.28079838 0.06681989 0.19618079 0.04741635 0.017481048 0.04783372 0.08740795 0.066971846 0.36075699999999955 1.5636209999999977 0.06735261699712121 0.05053609884528884 0.463017914710835 0.536982085289165
b'STRIPE82-0087' b'iDR3.STRIPE82-0087.112778' 300.8560686770512 -0.3853520685246155 3.0256257 22 5.2316504 17.507086 10.0 2 0.8071741 99.0 22.319277 22.124258 22.584112 99.0 21.213928 21.16499 20.093496 19.086 19.5666 19.305662 19.354403 22.285767 1.1248739 1.3431039 1.4386585 21.442844 0.11090458 0.297025 0.048327774 0.027417997 0.04233827 0.06929187 0.06382778 0.5268959999999971 1.0074959999999997 0.06425031397890578 0.05556365988024083 0.4310676879463502 0.5689323120536498
b'STRIPE82-0087' b'iDR3.STRIPE82-0087.115427' 300.90751956551304 -0.3613356196497493 3.6372988 28 5.324978 17.675997 12.0 3 0.6630049 21.200909 21.049286 20.877962 20.972027 20.478975 20.470716 20.315685 20.003092 17.310099 19.70276 19.774126 19.769453 0.17983012 0.3564714 0.4322808 0.33155522 0.1978745 0.058197528 0.13923004 0.04472764 0.0076543954 0.04767706 0.10493455 0.09269048 0.3003319999999974 2.6929929999999977 0.06537326540882901 0.04537787510350326 0.11688290560960424 0.8831170943903958
b'STRIPE82-0087' b'iDR3.STRIPE82-0087.068561' 301.04462142975456 -0.7750718605883853 3.2917244 29 5.532568 17.180805 11.0 0 0.93439585 99.0 27.861328 21.140524 22.635496 25.114773 21.637127 21.815956 20.092527 18.598143 19.216253 19.023752 18.792833 22.285767 180.78186 0.53989846 1.5168359 13.686918 0.1624477 0.53888273 0.048082646 0.018643983 0.031134007 0.053846713 0.0385484 0.8762740000000022 1.4943840000000002 0.057282346654421945 0.051570717936301844 0.48377825585005263 0.5162217441499474
b'STRIPE82-0087' b'iDR3.STRIPE82-0087.129006' 300.70543861462534 -0.2434127969344151 4.7105947 28 4.842663 17.75157 10.0 3 0.71231604 23.212748 21.388384 99.0 99.0 20.981693 20.869392 20.69918 20.059572 18.14297 19.718407 19.662474 19.664803 1.1337816 0.49150988 20.978617 21.355217 0.31187055 0.08249926 0.19680475 0.047606505 0.013532654 0.048786156 0.09579021 0.08505771 0.34116500000000016 1.916602000000001 0.0681650081461989 0.0494925453235004 0.10524510821979516 0.8947548917802048
b'STRIPE82-0087' b'iDR3.STRIPE82-0087.141686' 301.0671341149401 -0.1298588938115278 4.711004 29 4.6041713 17.905327 12.0 3 0.6294095 21.448027 21.727188 21.275389 20.61885 20.945477 20.867172 20.687706 20.110884 17.442535 19.689217 19.690392 19.483387 0.22142346 0.64809865 0.61150354 0.24290723 0.30179256 0.08231009 0.19473748 0.049062062 0.008318704 0.047596846 0.09805809 0.072147265 0.42166699999999935 2.668348999999999 0.06835602151119943 0.04976230263896014 0.1281274734616561 0.8718725265383439
"b'SPLUS-n13s32 '" "b'iDR3.SPLUS-n13s32.011320 '" 194.7964850192141 -16.691105476816915 2.0300944 14 4.7313905 15.870477 11.0 2 0.94764185 21.516466 21.551197 99.0 22.092707 20.842804 20.702274 20.367802 20.002874 18.21084 19.6199 19.694113 19.420109 0.28729764 0.40132108 21.194864 0.9716447 0.3098492 0.09252218 0.16398929 0.0461468 0.018211173 0.04446752 0.109909 0.06976543 0.38297399999999726 1.7920339999999975 0.06408500203004132 0.049610220441718755 0.3619888677874773 0.6380111322125227
b'STRIPE82-0087' b'iDR3.STRIPE82-0087.015541' 300.53585565265 -1.2314563401914544 3.3307383 25 5.4122252 17.528332 11.0 3 0.8219272 22.920748 23.581812 99.0 22.140224 22.59062 21.315176 21.684639 20.127283 18.47375 19.606709 19.324907 19.218515 0.82935536 3.4748487 20.978617 0.9625978 1.3437824 0.12179718 0.47755942 0.049913354 0.017080538 0.044020407 0.07117293 0.057105366 0.5205739999999999 1.6535329999999995 0.06655177788740857 0.05275497783052098 0.4240834546264033 0.5759165453735967
b'STRIPE82-0087' b'iDR3.STRIPE82-0087.031524' 300.6773747927863 -1.092326984333611 3.1403413 19 5.1640835 17.508049 9.0 0 0.73657435 23.068825 99.0 99.0 99.0 22.72334 21.476887 21.595467 20.140562 17.944166 19.614796 19.373053 19.368269 0.96136725 21.3679 20.978617 21.355217 1.5098175 0.13992256 0.43820179 0.050657235 0.011690179 0.044270977 0.0740619 0.06510716 0.5257660000000008 2.196396 0.06727610915012665 0.051988611665414436 0.0706343431269133 0.9293656568730867
b'STRIPE82-0087' b'iDR3.STRIPE82-0087.039504' 300.6761174393003 -1.021745674321721 10.064686 30 5.514236 17.63754 10.0 3 0.7277082 99.0 22.463476 22.676878 99.0 21.383041 21.237564 21.271141 20.173632 17.199766 19.662745 19.348515 19.308294 22.285767 1.2800447 2.2230167 21.355217 0.4451193 0.11324275 0.32689095 0.05232428 0.0071986318 0.046123628 0.0723092 0.061559297 0.5108870000000003 2.973866000000001 0.06975112427338204 0.05281714283554508 0.02171791541536794 0.9782820845846321
b'STRIPE82-0087' b'iDR3.STRIPE82-0087.005208' 300.5751764401445 -1.3271071117795774 4.926691 44 4.8339643 17.243753 8.0 3 0.60992736 99.0 99.0 99.0 21.785765 99.0 21.428545 22.126556 20.187452 19.14364 19.317913 19.159302 18.878727 22.285767 21.3679 20.978617 0.7015734 21.442844 0.13564022 0.71946865 0.05260383 0.028818913 0.034411922 0.061757684 0.042387005 0.8695389999999996 1.043811999999999 0.062859711313392 0.05998076922789894 0.44102267969793507 0.5589773203020649
b'STRIPE82-0087' b'iDR3.STRIPE82-0087.115408' 300.9086377946138 -0.361566778099342 3.462796 25 5.4755344 17.716734 11.0 3 0.7308162 22.918541 23.184654 99.0 21.862291 21.500057 21.207521 21.231552 20.17047 18.082636 19.828861 19.74215 19.563242 0.8521818 2.4852011 20.978617 0.74417585 0.49529654 0.11036607 0.31566614 0.051675823 0.012822755 0.053295523 0.10206562 0.0770388 0.34160900000000183 2.087834000000001 0.0742347860141784 0.053242968817650976 0.2711338247538153 0.7288661752461847
b'STRIPE82-0087' b'iDR3.STRIPE82-0087.118375' 301.0672870789334 -0.3366418589036895 2.936768 27 2.8678935 17.116383 12.0 3 0.92199177 25.95475 21.468624 21.60879 21.07112 21.27922 21.376547 21.351719 20.175947 18.493683 19.123596 18.769768 18.670975 13.618356 0.5107652 0.824481 0.36150694 0.40405512 0.12770085 0.3505684 0.05134069 0.017133731 0.028839784 0.043391995 0.034748264 1.0523510000000016 1.682264 0.05888632770722552 0.05412421997272997 0.4489112011221501 0.5510887988778499
b'STRIPE82-0087' b'iDR3.STRIPE82-0087.099281' 300.7350969556901 -0.5041695244562971 4.8070345 29 3.8367853 17.806057 11.0 3 0.8134765 22.867191 21.838839 21.467363 21.974741 99.0 21.526056 21.845379 20.199305 19.19573 19.627972 19.336445 19.16057 0.83734787 0.7485739 0.760024 0.8337428 21.442844 0.14798689 0.55688256 0.053954855 0.030499488 0.04499221 0.0717265 0.054098766 0.5713329999999992 1.0035749999999979 0.0702525824347769 0.06197858619179022 0.44746457871215983 0.5525354212878402
b'STRIPE82-0087' b'iDR3.STRIPE82-0087.107684' 300.6980551982633 -0.4298986571373036 5.042205 42 5.465734 17.38219 11.0 3 0.75080055 24.143469 99.0 21.482561 21.575624 22.12109 21.301594 21.973217 20.145285 18.559143 19.244846 18.940973 18.779562 2.688315 21.3679 0.76756656 0.57916665 0.88073534 0.12114928 0.6252905 0.051468194 0.01846364 0.03238729 0.05088194 0.038687352 0.9004390000000022 1.5861420000000024 0.06081045590328801 0.05467980427608749 0.47099127359261006 0.5290087264073899
b'STRIPE82-0061' b'iDR3.STRIPE82-0061.047759' 42.22020967186947 -0.3450287643994487 2.5409412 53 8.001971 16.101028 12.0 3 0.5273005 20.893192 20.312292 20.402306 21.052319 20.8509 19.856806 18.58414 20.165321 18.327484 20.750933 20.67516 20.75483 0.11210991 0.10218058 0.16474709 0.24084188 0.19035453 0.031337913 0.0287673 0.041986573 0.0135657815 0.09813797 0.23051497 0.1906158 -0.5856120000000011 1.8378370000000004 0.10674236960085358 0.04412372083120451 0.3491998743418634 0.6508001256581366
b'STRIPE82-0087' b'iDR3.STRIPE82-0087.044375' 300.94517351282855 -0.9781071864483312 2.7642806 19 1.9295592 17.356016 10.0 0 0.6262474 24.258677 99.0 21.589155 99.0 21.716965 21.206434 21.56448 20.243338 18.868689 19.873234 19.974684 19.540815 2.8485932 21.3679 0.8065655 21.355217 0.6039272 0.11040976 0.42724833 0.054827332 0.023008538 0.055165607 0.12542576 0.07535769 0.3701040000000013 1.3746490000000016 0.07777712086415049 0.059459474897914026 0.23667810859603988 0.7633218914039601
b'STRIPE82-0087' b'iDR3.STRIPE82-0087.065659' 300.66039228334085 -0.79917061662724 3.1680605 25 4.953472 17.312311 10.0 0 0.85017383 24.867544 99.0 22.474697 99.0 21.242008 22.38709 20.904518 20.30197 16.91866 19.356197 18.902102 18.73445 5.2543726 21.3679 1.9090059 21.355217 0.39728287 0.3219903 0.2382588 0.05933942 0.0061336104 0.035591885 0.04923534 0.03721022 0.9457729999999991 3.3833100000000016 0.06919500736172823 0.05965557763089205 0.012596748617517362 0.9874032513824826
b'STRIPE82-0087' b'iDR3.STRIPE82-0087.125686' 301.08732645800205 -0.2728634099403072 4.5465903 26 1.82 17.752415 11.0 0 0.60924447 22.239933 21.480383 23.189709 99.0 21.673733 21.554916 23.217663 20.331518 18.57645 19.53586 19.251291 19.27801 0.4499611 0.51533073 3.5004954 21.355217 0.5763819 0.14933017 1.9213768 0.05866225 0.01822029 0.041067746 0.06579884 0.059372127 0.7956579999999995 1.7550679999999979 0.07160879370987208 0.06142669242883422 0.15307387081665058 0.8469261291833494
b'STRIPE82-0087' b'iDR3.STRIPE82-0087.143550' 300.6823308368038 -0.1136938896290918 3.0733237 19 5.091234 17.538134 9.0 3 0.76241124 22.78671 21.879148 99.0 99.0 99.0 21.58541 21.520699 20.263296 19.436375 19.617409 19.485994 19.262228 0.76202285 0.7606799 20.978617 21.355217 21.442844 0.15493546 0.41160217 0.056591026 0.036906015 0.04477861 0.0820342 0.059367485 0.6458870000000019 0.8269209999999987 0.07216417488799257 0.06756180997363008 0.22160389698207938 0.7783961030179206
b'STRIPE82-0087' b'iDR3.STRIPE82-0087.099390' 300.7360728461154 -0.5033074514080306 3.3249164 21 3.5980492 17.717493 11.0 3 0.7863929 23.697601 22.861267 99.0 22.067825 21.587759 21.666487 21.440414 20.275248 17.65018 19.724014 19.586115 19.385992 1.7951685 1.9062188 20.978617 0.9092536 0.54314154 0.16804042 0.38612452 0.057711974 0.009676499 0.049008682 0.089580745 0.0662677 0.5512340000000009 2.6250680000000024 0.0757134258527099 0.0585175749315851 0.142310483280488 0.857689516719512
b'STRIPE82-0087' b'iDR3.STRIPE82-0087.109949' 300.6747503813508 -0.4094934416801241 3.1793342 15 5.309594 17.892845 11.0 3 0.5692058 22.670378 21.323544 99.0 20.638443 21.517881 20.943682 20.524654 20.318148 18.631054 20.150549 20.160975 20.130941 0.69297266 0.46533608 20.978617 0.24768609 0.5069726 0.08815895 0.16877742 0.059616722 0.01945871 0.07143455 0.14968497 0.1296553 0.16759899999999917 1.6870940000000019 0.09304326131283117 0.06271199994330737 0.44329501215060063 0.5567049878493994
"b'SPLUS-n12s29 '" "b'iDR3.SPLUS-n12s29.048572 '" 189.992018659536 -14.260290731665862 8.052256 29 5.221549 16.832392 10.0 0 0.7883082 21.812088 99.0 21.488426 99.0 21.107578 21.191227 21.921278 20.328306 18.911947 19.77138 19.764544 19.628294 0.42227468 21.470058 0.72007227 21.002844 0.5140429 0.23645133 0.82204723 0.07941744 0.028009683 0.0597958 0.12030167 0.09046995 0.5569260000000007 1.416359 0.09941160633343372 0.08421206634392776 0.23949206618543806 0.7605079338145619
"b'SPLUS-n11s28 '" "b'iDR3.SPLUS-n11s28.049997 '" 188.35699412181705 -12.940988088843566 2.9125369 12 3.2324147 15.831399 12.0 3 0.879968 20.682579 20.77332 22.234196 20.438011 20.725536 24.967434 20.082417 20.277363 18.49927 19.487507 17.636002 18.268375 0.22874479 0.38116914 2.105821 0.44616154 0.53833634 10.976055 0.23763137 0.12916179 0.032497827 0.07122195 0.029436087 0.037713103 0.7898560000000003 1.778093000000002 0.14749689541751923 0.13318737461083174 0.4005229921744745 0.5994770078255255
"b'HYDRA-0134   '" "b'iDR3.HYDRA-0134.056946   '" 159.54432007737864 -41.72011757592312 10.098445 16 5.3861465 16.90796 11.0 2 0.5315904 20.626373 20.75442 20.762127 99.0 22.369844 20.05694 19.225018 20.230993 18.823402 20.308977 20.317886 20.326632 0.17875355 0.3149084 0.5013493 20.671383 2.1738045 0.11110532 0.10102683 0.104842916 0.034898456 0.11798514 0.2021754 0.1689072 -0.07798399999999717 1.407591 0.15783703714972178 0.11049859395742098 0.2241189843865573 0.7758810156134427
b'STRIPE82-0087' b'iDR3.STRIPE82-0087.071285' 300.9557279088543 -0.7522275918808266 2.911807 29 5.333282 17.349302 10.0 1 0.9057476 99.0 21.54453 22.907755 99.0 22.299902 21.92004 21.034294 20.37037 17.848026 19.285294 18.81217 18.802713 22.285767 0.554158 2.7427065 21.355217 1.0301942 0.20916462 0.2652718 0.061270952 0.010868452 0.03303837 0.044908717 0.038920015 1.0850760000000008 2.5223440000000004 0.06961079981758006 0.06222742809937277 0.05261684629009611 0.9473831537099039
b'STRIPE82-0087' b'iDR3.STRIPE82-0087.114739' 301.031550104564 -0.3673005212858135 3.2303946 17 4.0917597 17.64268 12.0 3 0.60388094 21.838387 22.975674 21.014404 21.859161 21.057549 21.223288 21.634747 20.429255 17.191236 19.854261 19.537169 19.51681 0.31326655 2.0149148 0.48065466 0.73929626 0.33084908 0.111503646 0.4530909 0.06396334 0.0070508327 0.054272283 0.08472863 0.07359782 0.5749940000000002 3.2380190000000013 0.0838855742424625 0.06435078170247031 0.06370366188469667 0.9362963381153033
b'STRIPE82-0087' b'iDR3.STRIPE82-0087.078623' 300.5613924064445 -0.6854214563990866 12.91133 65 4.8012238 17.473871 10.0 3 0.5265266 22.731852 22.303993 99.0 22.356747 99.0 21.653248 22.136406 20.440802 17.791536 19.424017 19.222479 18.926943 0.7548984 1.1663758 20.978617 1.1957042 21.442844 0.16762392 0.73436046 0.06757018 0.010746651 0.037923466 0.06541413 0.044330478 1.0167850000000023 2.649266000000001 0.07748495659601001 0.06841943972986186 0.06216343580168926 0.9378365641983107
