Star-v5/20r21-emitters/Good-Halpha-DR3-SPLUS-PStotal-STAR-20r21-good-rev-merge-comp-v3-v5.ecsv
# %ECSV 1.0
# ---
# datatype:
# - {name: Field, datatype: string}
# - {name: ID, datatype: string}
# - {name: RA, datatype: float64}
# - {name: DEC, datatype: float64}
# - {name: FWHM, datatype: float64}
# - {name: ISOarea, datatype: int64}
# - {name: KRON_RADIUS, datatype: float64}
# - {name: MU_MAX, datatype: float64}
# - {name: nDet_PStotal, datatype: float64}
# - {name: PhotoFlagDet, datatype: int64}
# - {name: CLASS_STAR, datatype: float64}
# - {name: u_PStotal, datatype: float64}
# - {name: J0378_PStotal, datatype: float64}
# - {name: J0395_PStotal, datatype: float64}
# - {name: J0410_PStotal, datatype: float64}
# - {name: J0430_PStotal, datatype: float64}
# - {name: g_PStotal, datatype: float64}
# - {name: J0515_PStotal, datatype: float64}
# - {name: r_PStotal, datatype: float64}
# - {name: J0660_PStotal, datatype: float64}
# - {name: i_PStotal, datatype: float64}
# - {name: J0861_PStotal, datatype: float64}
# - {name: z_PStotal, datatype: float64}
# - {name: e_u_PStotal, datatype: float64}
# - {name: e_J0378_PStotal, datatype: float64}
# - {name: e_J0395_PStotal, datatype: float64}
# - {name: e_J0410_PStotal, datatype: float64}
# - {name: e_J0430_PStotal, datatype: float64}
# - {name: e_g_PStotal, datatype: float64}
# - {name: e_J0515_PStotal, datatype: float64}
# - {name: e_r_PStotal, datatype: float64}
# - {name: e_J0660_PStotal, datatype: float64}
# - {name: e_i_PStotal, datatype: float64}
# - {name: e_J0861_PStotal, datatype: float64}
# - {name: e_z_PStotal, datatype: float64}
# - {name: r - i, datatype: float64}
# - {name: r - J0660, datatype: float64}
# - {name: e(r - i), datatype: float64}
# - {name: e(r - J0660), datatype: float64}
# - {name: P(GoodPho), datatype: float64}
# - {name: P(BadPho), datatype: float64}
# schema: astropy-2.0
Field ID RA DEC FWHM ISOarea KRON_RADIUS MU_MAX nDet_PStotal PhotoFlagDet CLASS_STAR u_PStotal J0378_PStotal J0395_PStotal J0410_PStotal J0430_PStotal g_PStotal J0515_PStotal r_PStotal J0660_PStotal i_PStotal J0861_PStotal z_PStotal e_u_PStotal e_J0378_PStotal e_J0395_PStotal e_J0410_PStotal e_J0430_PStotal e_g_PStotal e_J0515_PStotal e_r_PStotal e_J0660_PStotal e_i_PStotal e_J0861_PStotal e_z_PStotal "r - i" "r - J0660" "e(r - i)" "e(r - J0660)" P(GoodPho) P(BadPho)
b'STRIPE82-0087' b'iDR3.STRIPE82-0087.016786' 299.8823375617297 -1.220612364096321 3.0995374 18 4.0678606 17.584995 12.0 0 0.67618304 23.600025 24.072536 21.873274 21.541948 22.060959 20.935759 20.861519 20.071512 19.085003 19.775925 19.50209 19.602629 1.5526013 5.480784 1.0429959 0.56696683 0.84154063 0.0886169 0.23075469 0.04760921 0.027495926 0.05165773 0.08378693 0.08112012 0.2955869999999976 0.9865089999999981 0.07025067932466561 0.05497874883463224 0.6819551459513205 0.3180448540486795
b'STRIPE82-0087' b'iDR3.STRIPE82-0087.030044' 300.79221556341105 -1.1066531584902608 10.869632 68 5.09301 16.901917 11.0 3 0.8058417 23.972145 26.135532 99.0 22.315636 22.433168 21.330109 22.024174 20.063025 18.653673 19.026445 18.681805 18.564009 2.1942751 36.745842 20.978617 1.1271486 1.1603878 0.12311349 0.6488726 0.047283158 0.01959757 0.02671974 0.04067786 0.031993575 1.0365800000000007 1.4093519999999984 0.0543106024282604 0.05118360851247071 0.5314987384499386 0.46850126155006144
b'STRIPE82-0087' b'iDR3.STRIPE82-0087.065254' 301.0931700582952 -0.802621789679249 3.1996934 17 1.82 17.631577 12.0 0 0.6377982 22.533718 21.880577 22.058191 22.334425 21.459307 20.869665 20.53902 20.007147 19.04544 19.69664 19.3536 19.564512 0.59114724 0.74440414 1.2473438 1.1532252 0.48048475 0.08260252 0.17084421 0.04475859 0.02646734 0.047224283 0.07194568 0.07670919 0.3105070000000012 0.9617070000000005 0.06506507729690474 0.05199857176369078 0.6830224956819784 0.3169775043180216
b'STRIPE82-0087' b'iDR3.STRIPE82-0087.072585' 300.504845191776 -0.7409441898789566 7.4836383 30 5.0935616 17.635387 11.0 3 0.58072627 26.424837 99.0 21.18658 22.039404 21.442884 21.079859 21.200283 20.014364 19.152899 19.703135 19.5092 19.503937 22.37775 21.3679 0.5981966 0.8907585 0.47882715 0.10037428 0.31243345 0.04651982 0.02976067 0.048162606 0.08388733 0.07384964 0.31122900000000087 0.861464999999999 0.06696066210502727 0.055224914048654705 0.7164050452473375 0.2835949547526625
b'STRIPE82-0087' b'iDR3.STRIPE82-0087.077377' 300.4651162351232 -0.6976034048715789 3.3021939 26 5.3757887 17.579678 12.0 3 0.81700635 25.15874 22.598343 21.216644 22.23585 21.296143 20.885191 20.633202 20.026823 18.977837 19.546793 19.29255 19.313934 6.993939 1.5236409 0.616237 1.0669274 0.41962898 0.08472127 0.18802235 0.047093417 0.025884593 0.042072494 0.069408596 0.06239493 0.4800299999999993 1.0489859999999993 0.06314970052277306 0.05373827387915933 0.6599134675281555 0.34008653247184456
b'STRIPE82-0087' b'iDR3.STRIPE82-0087.079071' 300.5767850030132 -0.6813547069936526 3.691939 27 5.7513547 17.615105 11.0 3 0.81802183 23.71922 99.0 20.774212 21.668121 21.906626 20.72326 20.705486 20.013746 19.271606 19.662235 19.623741 19.461428 1.8557557 21.3679 0.41163373 0.6343526 0.72923654 0.07350549 0.2002112 0.046460893 0.03276649 0.046434436 0.09278706 0.07102681 0.3515110000000021 0.7421400000000027 0.065686919740505 0.056852945792434974 0.7585851027806085 0.24141489721939147
b'STRIPE82-0087' b'iDR3.STRIPE82-0087.086199' 300.7891230468803 -0.617683546803266 3.2269273 23 6.6153035 17.53229 11.0 3 0.8414558 23.16983 99.0 21.248999 21.230436 20.826433 20.771254 20.411442 20.01626 19.326653 19.779459 19.599558 19.671339 1.0915654 21.3679 0.61592466 0.4221267 0.27182648 0.07590279 0.15270752 0.04576733 0.033721317 0.051108707 0.09008106 0.0850803 0.23680099999999982 0.6896069999999987 0.06860574630845982 0.05684870900507231 0.775843259822919 0.22415674017708093
b'STRIPE82-0087' b'iDR3.STRIPE82-0087.105191' 300.89512402473576 -0.4513960860370856 3.3189824 27 4.7453876 17.63472 10.0 3 0.85190815 23.556274 99.0 99.0 21.427794 20.71192 20.856577 20.793484 20.03322 19.068134 19.727133 19.474123 19.537909 1.5296628 21.3679 20.978617 0.5012505 0.24366489 0.08117654 0.2129901 0.04593051 0.027045963 0.048654772 0.08035106 0.07521393 0.30608700000000155 0.9650859999999994 0.0669096300037004 0.0533019311419152 0.6898532264897097 0.3101467735102903
b'STRIPE82-0087' b'iDR3.STRIPE82-0087.106009' 300.35018456222423 -0.4799506975357701 21.159683 653 0.0 15.717735 12.0 3 0.81130755 21.97888 20.460567 21.475897 20.968296 20.788813 20.421156 20.050411 20.037687 19.242052 20.001425 19.659428 19.587563 0.37696004 0.22011103 0.7743791 0.33619314 0.26522562 0.05671066 0.11222628 0.04727815 0.031887468 0.06283616 0.096039236 0.079769254 0.03626199999999713 0.7956349999999972 0.07863591082303364 0.0570266085513905 0.7437766668534016 0.25622333314659845
b'STRIPE82-0024' b'iDR3.STRIPE82-0024.041150' 15.913309252130196 1.1388130781475485 3.2668788 28 7.1892333 17.11572 11.0 2 0.5897502 25.381798 99.0 21.237246 21.633812 23.691143 21.456732 21.996845 20.078756 19.16912 19.458996 19.140667 19.16285 10.041693 21.685677 0.53660434 0.5810912 3.363093 0.14760512 0.61632156 0.05255073 0.027539406 0.042907618 0.07270765 0.060568742 0.6197599999999994 0.909635999999999 0.06784278079476713 0.05932957193816365 0.7083754311785306 0.29162456882146937
b'STRIPE82-0035' b'iDR3.STRIPE82-0035.022844' 23.753457358462345 -0.6817256241073724 3.5634103 20 4.2968025 17.812773 12.0 0 0.6052638 21.356182 20.552376 21.224178 19.51165 19.429344 20.57778 19.225636 20.029583 19.077122 20.224304 19.146444 20.410221 0.27253973 0.21274383 0.7132701 0.108684584 0.09255762 0.08183392 0.0625859 0.055381633 0.027701233 0.08676324 0.06752241 0.18151452 -0.19472100000000125 0.9524609999999996 0.10293194396806217 0.06192320714778086 0.6957429994343441 0.30425700056565586
b'STRIPE82-0119' b'iDR3.STRIPE82-0119.032777' 323.8609554573302 -0.8571896274602386 2.9811668 19 3.8595665 15.779032 11.0 2 0.8210677 99.0 22.14813 21.418695 21.193151 21.482124 21.169456 20.773022 20.014362 19.063225 19.130474 18.242851 21.371353 22.710264 0.38995337 0.37448612 0.24878055 0.29878724 0.07869052 0.13409626 0.029656246 0.01728959 0.020825027 0.021199891 0.28655097 0.8838879999999989 0.9511369999999992 0.036237752087612235 0.03432816408112464 0.7132209618287351 0.28677903817126493
"b'SPLUS-s25s18 '" "b'iDR3.SPLUS-s25s18.035786 '" 27.01857956386793 -32.05308426820219 2.9207685 26 6.092999 16.591885 11.0 3 0.847282 22.747065 22.110767 99.0 21.818382 22.369896 21.454376 20.84721 20.054003 19.226421 19.808641 19.164715 19.323029 0.56877065 0.52781224 21.387224 0.6157149 1.0502259 0.13684422 0.20463745 0.04467722 0.031512223 0.046957795 0.0657109 0.051808074 0.24536200000000008 0.8275820000000031 0.0648158043858936 0.05467242618843733 0.727025829659615 0.27297417034038496
"b'SPLUS-s26s16 '" "b'iDR3.SPLUS-s26s16.005735 '" 25.053653871857907 -34.14259402088371 9.263874 29 5.200275 16.679829 11.0 3 0.530303 22.657608 21.835203 99.0 22.910149 22.363907 21.426392 20.416601 20.101448 19.586456 20.342361 19.003098 19.22888 0.50847405 0.41070232 21.326698 1.7212937 1.0455136 0.15143806 0.14768533 0.049262095 0.039171193 0.091966316 0.06647244 0.0650424 -0.24091299999999904 0.514992000000003 0.10432908167141548 0.06293755925385314 0.8063619586446221 0.1936380413553779
"b'SPLUS-s23s28 '" "b'iDR3.SPLUS-s23s28.018804 '" 326.0956022427804 -29.91639450734865 2.3112912 20 7.5951085 16.283216 12.0 2 0.84748125 22.51054 22.676683 23.009441 21.204483 22.366066 21.146517 21.688015 20.092182 19.101376 20.179657 19.545048 19.783144 0.43807063 0.75224304 1.6872509 0.28281873 0.7834934 0.09047596 0.33732405 0.040914796 0.023795974 0.06562454 0.09157379 0.09030339 -0.08747499999999775 0.9908060000000027 0.07733434412945658 0.04733147906341288 0.6664147227415848 0.33358527725841525
"b'SPLUS-s31s44 '" "b'iDR3.SPLUS-s31s44.000221 '" 316.90733897290426 -40.83860097310526 2.7343493 22 3.9050827 16.263004 10.0 0 0.5045814 27.173843 99.0 99.0 19.80441 20.535288 19.603466 20.292362 20.002865 19.383806 20.43435 18.990307 19.106041 24.525984 22.41525 21.747568 0.076478444 0.12979454 0.034481317 0.094303496 0.03993135 0.027525678 0.084697954 0.07986875 0.12935603 -0.43148499999999856 0.619059 0.09363896691339892 0.048499233624689206 0.7845847290925033 0.21541527090749665
"b'SPLUS-n16s19 '" "b'iDR3.SPLUS-n16s19.000009 '" 176.51301286536614 -20.957353290477247 3.5324764 25 4.276212 15.935154 12.0 0 0.96782625 22.64226 21.063398 22.086185 22.32043 21.50241 20.30273 22.713871 20.03072 19.20884 19.578773 18.13857 18.498192 0.5175315 0.21594663 0.8942253 1.0166262 0.49599102 0.059815705 1.1485497 0.04632505 0.026467212 0.042574935 0.026831813 0.029799994 0.451946999999997 0.8218800000000002 0.0629176870820656 0.053352821561333044 0.731232186067991 0.268767813932009
"b'SPLUS-n15s04 '" "b'iDR3.SPLUS-n15s04.003676 '" 153.8487771132447 -19.534637163093134 2.782955 18 4.059721 16.775974 12.0 0 0.5238126 20.842037 20.79383 21.516968 20.793144 20.564445 20.645435 20.50341 20.084774 18.833477 20.43802 19.514616 20.155804 0.102752015 0.16584969 0.5291924 0.24967095 0.19766933 0.07295006 0.14711873 0.04895653 0.020877311 0.095229164 0.08544571 0.13584028 -0.35324600000000217 1.251297000000001 0.10707630693005711 0.05322221288364118 0.5701114728164185 0.4298885271835815
"b'SPLUS-n01s22 '" "b'iDR3.SPLUS-n01s22.017902 '" 180.02723772075691 -0.1785038653212205 7.8888254 29 4.4607706 16.581005 12.0 2 0.6316019 22.423687 20.936848 21.277016 21.426563 20.483301 23.715439 20.178146 20.109406 19.108261 19.778753 18.62685 18.521427 0.6319625 0.26429757 0.60009295 0.5997012 0.26100734 1.8599197 0.17035508 0.06684348 0.033616442 0.06279944 0.05727071 0.03660743 0.33065300000000164 1.001145000000001 0.09171597724946293 0.07482055861359072 0.6720642084662531 0.32793579153374686
"b'SPLUS-n02n24 '" "b'iDR3.SPLUS-n02n24.010023 '" 181.69489010173808 0.8942715627136791 2.3916562 14 4.386204 16.461035 12.0 0 0.90663993 23.107065 21.803406 21.398767 21.835344 21.42752 21.048504 20.566116 20.04478 19.060526 19.788376 19.66616 19.55278 1.0993717 0.4780607 0.5395436 0.71178627 0.51386744 0.12437827 0.1803564 0.05365126 0.028084097 0.06036699 0.1357811 0.09736225 0.25640399999999985 0.984254 0.08076280815602996 0.06055719778765369 0.6789460517948496 0.3210539482051504
"b'HYDRA-0096   '" "b'iDR3.HYDRA-0096.045959   '" 152.76505199769636 -36.2599278252064 2.8787878 12 5.4333453 17.446146 11.0 0 0.52421254 23.43472 21.612377 99.0 21.02452 20.454906 20.98246 20.118507 20.093037 19.152767 19.69825 19.679527 19.721323 3.623324 0.80838007 20.60496 0.6599239 0.34404954 0.24471568 0.20336595 0.089890964 0.040402606 0.06929741 0.12129892 0.11254043 0.39478699999999733 0.9402699999999982 0.11350117374528511 0.09855331542084483 0.7129153208624388 0.28708467913756125
"b'HYDRA-0084   '" "b'iDR3.HYDRA-0084.062076   '" 162.46527027184197 -32.95344500084104 2.2961214 16 4.501137 16.835144 11.0 0 0.88466746 21.919182 24.313715 99.0 21.271645 21.405708 20.995247 20.57665 20.06919 18.81275 19.599266 19.339367 19.319931 0.5436103 7.6427636 20.795631 0.68047357 0.7145901 0.17955251 0.2719663 0.06990575 0.02873784 0.05308212 0.09299393 0.070856385 0.4699239999999989 1.2564399999999978 0.08777542564269854 0.07558225539720352 0.5890217677400302 0.41097823225996977
"b'HYDRA-0145   '" "b'iDR3.HYDRA-0145.118699   '" 151.44714737014888 -44.3557781143917 8.536492 33 6.9589725 16.176205 12.0 3 0.5954907 21.96062 21.412468 21.48732 20.89222 21.254356 20.462597 20.573425 20.02936 19.205208 19.785488 19.751442 19.630198 0.41191995 0.36961251 0.5944305 0.28295052 0.35739994 0.064857475 0.15906659 0.04882185 0.030136619 0.05351644 0.115116954 0.085049056 0.24387199999999964 0.8241520000000016 0.07244019870000426 0.05737411299683561 0.7379066712388831 0.26209332876111696
"b'HYDRA-0162   '" "b'iDR3.HYDRA-0162.052726   '" 154.10896548186247 -47.5780758544694 3.7777996 30 4.4004097 16.317493 9.0 3 0.9495116 99.0 99.0 99.0 22.417515 22.279533 21.388521 21.246292 20.068615 18.937729 18.797129 18.368155 18.286274 22.207624 21.82535 21.241499 1.1712452 0.9901891 0.15663877 0.29539543 0.050687477 0.025194213 0.023076778 0.034015056 0.026881006 1.2714859999999994 1.1308860000000003 0.05569342876396472 0.056603610249832105 0.6527223407457392 0.34727765925426074
"b'HYDRA-0137   '" "b'iDR3.HYDRA-0137.048666   '" 149.09961424402346 -43.473208616256585 2.47926 17 4.01968 16.771513 12.0 3 0.94227815 22.119555 22.504543 20.664825 24.643873 21.22065 24.579868 21.086748 20.094902 19.351864 21.058908 18.16 18.162481 0.70467776 1.3778994 0.41708183 14.157213 0.58656156 4.660004 0.42976052 0.06867417 0.044632282 0.1939752 0.033537276 0.025978716 -0.9640059999999977 0.7430380000000021 0.20577298131734617 0.0819034933425701 0.692834253513075 0.30716574648692496
"b'HYDRA-0098   '" "b'iDR3.HYDRA-0098.012838   '" 156.87806034452822 -36.85541973954618 4.464485 25 5.7253246 17.154978 10.0 0 0.8091778 99.0 23.286966 99.0 22.256588 22.03891 21.049843 21.320238 20.015438 18.855137 19.716015 19.568884 19.575241 22.633833 1.4681656 21.389214 0.873078 0.71586967 0.102083355 0.30955693 0.039557938 0.020351151 0.041361704 0.078326404 0.06922068 0.2994230000000009 1.1603010000000005 0.05723304130129256 0.04448595065677079 0.6042674691535577 0.3957325308464423
"b'HYDRA-0114   '" "b'iDR3.HYDRA-0114.062831   '" 153.70602135945248 -38.86923109489439 2.7914116 19 4.85423 16.471817 11.0 0 0.812597 99.0 21.869677 22.714928 23.076319 22.29008 21.237293 21.669092 20.008375 18.674608 19.40488 19.066305 19.05976 21.90062 0.6336241 2.234758 2.5082257 1.3986661 0.1516583 0.5458944 0.049788505 0.02338544 0.04775971 0.08489995 0.067705326 0.6034950000000023 1.3337670000000017 0.06899192075467334 0.055007036223819805 0.5373268984761688 0.46267310152383123
"b'HYDRA-0022   '" "b'iDR3.HYDRA-0022.051948   '" 152.63641744900335 -24.98985681816929 2.9596827 26 4.591671 16.58719 12.0 3 0.79468644 21.202229 20.924898 20.549122 20.740349 20.80193 20.650887 20.397774 20.03632 19.42574 20.100777 19.483067 19.622923 0.13676953 0.16989197 0.20894532 0.20900474 0.21196622 0.06281559 0.119472094 0.04050353 0.031965263 0.059704553 0.08229898 0.083560385 -0.06445700000000087 0.6105799999999988 0.0721468612719272 0.05159761604105435 0.7933490824504218 0.20665091754957823
"b'HYDRA-0082   '" "b'iDR3.HYDRA-0082.067808   '" 158.8458249657373 -33.24428613528143 2.9354417 39 5.662364 16.30253 12.0 2 0.738312 21.98986 22.583227 21.582777 22.87304 21.935616 21.59982 21.152866 20.004395 19.094906 19.484888 18.868767 18.950306 0.3530829 0.8878823 0.5924268 1.5622776 0.6444596 0.14858566 0.2402088 0.043192334 0.024044067 0.037488148 0.044718012 0.043319862 0.5195069999999973 0.9094889999999971 0.05719212320623759 0.04943374226444974 0.6973983672916628 0.3026016327083372
"b'SPLUS-s28s35 '" "b'iDR3.SPLUS-s28s35.003749 '" 57.52557853727989 -36.79709503484863 3.936954 20 7.190236 17.041056 12.0 0 0.5442475 21.226255 21.327847 20.430595 20.708261 20.463474 20.53998 20.136993 20.107206 19.465012 20.067978 19.430658 19.439188 0.18953025 0.34308752 0.31760544 0.28618765 0.22421752 0.079086676 0.20918643 0.049944468 0.058527127 0.09433107 0.09152146 0.10777245 0.03922800000000137 0.6421939999999999 0.10673706315590628 0.07694072054950586 0.7959397834522011 0.204060216547799
"b'SPLUS-n04n01 '" "b'iDR3.SPLUS-n04n01.002661 '" 151.03351773496917 3.428310506833621 1.7787656 12 4.091133 15.902334 12.0 3 0.94819075 21.481674 21.39032 20.8244 21.025385 20.348267 20.357914 20.087631 20.01939 19.30309 19.92978 19.924347 19.869934 0.21172988 0.31438562 0.35556102 0.33928743 0.1954242 0.06606805 0.12127786 0.051603492 0.032913134 0.06434879 0.13331302 0.11744649 0.08961000000000041 0.7163000000000004 0.08248446618035522 0.06120616616237305 0.7691373482730288 0.23086265172697124
b'STRIPE82-0115' b'iDR3.STRIPE82-0115.031941' 320.78660336304927 -0.6368014987456824 3.7307858 16 4.141952 17.56131 12.0 3 0.6565823 21.104082 20.890606 20.925312 21.086578 20.655958 20.522926 20.365477 20.147724 19.512789 20.04457 19.319538 19.595125 0.22739051 0.26102716 0.42046988 0.38481316 0.24023195 0.073116034 0.16336527 0.06486623 0.04689646 0.10593864 0.113588594 0.11469102 0.10315399999999997 0.6349349999999987 0.12422005973055439 0.08004314933174793 0.8016036193705459 0.19839638062945408
