Star-v5/20r21-emitters/Good-Halpha-DR3-SPLUS-PStotal-STAR-20r21-good-rev-merge-comp-v3-v5.ecsv
# %ECSV 1.0
# ---
# datatype:
# - {name: Field, datatype: string}
# - {name: ID, datatype: string}
# - {name: RA, datatype: float64}
# - {name: DEC, datatype: float64}
# - {name: FWHM, datatype: float64}
# - {name: ISOarea, datatype: int64}
# - {name: KRON_RADIUS, datatype: float64}
# - {name: MU_MAX, datatype: float64}
# - {name: nDet_PStotal, datatype: float64}
# - {name: PhotoFlagDet, datatype: int64}
# - {name: CLASS_STAR, datatype: float64}
# - {name: u_PStotal, datatype: float64}
# - {name: J0378_PStotal, datatype: float64}
# - {name: J0395_PStotal, datatype: float64}
# - {name: J0410_PStotal, datatype: float64}
# - {name: J0430_PStotal, datatype: float64}
# - {name: g_PStotal, datatype: float64}
# - {name: J0515_PStotal, datatype: float64}
# - {name: r_PStotal, datatype: float64}
# - {name: J0660_PStotal, datatype: float64}
# - {name: i_PStotal, datatype: float64}
# - {name: J0861_PStotal, datatype: float64}
# - {name: z_PStotal, datatype: float64}
# - {name: e_u_PStotal, datatype: float64}
# - {name: e_J0378_PStotal, datatype: float64}
# - {name: e_J0395_PStotal, datatype: float64}
# - {name: e_J0410_PStotal, datatype: float64}
# - {name: e_J0430_PStotal, datatype: float64}
# - {name: e_g_PStotal, datatype: float64}
# - {name: e_J0515_PStotal, datatype: float64}
# - {name: e_r_PStotal, datatype: float64}
# - {name: e_J0660_PStotal, datatype: float64}
# - {name: e_i_PStotal, datatype: float64}
# - {name: e_J0861_PStotal, datatype: float64}
# - {name: e_z_PStotal, datatype: float64}
# - {name: r - i, datatype: float64}
# - {name: r - J0660, datatype: float64}
# - {name: e(r - i), datatype: float64}
# - {name: e(r - J0660), datatype: float64}
# - {name: P(GoodPho), datatype: float64}
# - {name: P(BadPho), datatype: float64}
# schema: astropy-2.0
Field ID RA DEC FWHM ISOarea KRON_RADIUS MU_MAX nDet_PStotal PhotoFlagDet CLASS_STAR u_PStotal J0378_PStotal J0395_PStotal J0410_PStotal J0430_PStotal g_PStotal J0515_PStotal r_PStotal J0660_PStotal i_PStotal J0861_PStotal z_PStotal e_u_PStotal e_J0378_PStotal e_J0395_PStotal e_J0410_PStotal e_J0430_PStotal e_g_PStotal e_J0515_PStotal e_r_PStotal e_J0660_PStotal e_i_PStotal e_J0861_PStotal e_z_PStotal "r - i" "r - J0660" "e(r - i)" "e(r - J0660)" P(GoodPho) P(BadPho)
[from data line 33]
b'STRIPE82-0087' b'iDR3.STRIPE82-0087.034969' 300.6134344150313 -1.0617725678497487 4.26681 30 5.254227 17.761133 12.0 3 0.63339543 21.542381 21.601282 20.782898 21.161587 21.075195 20.597128 20.549759 20.118235 19.125813 19.907408 19.697191 19.60433 0.24073765 0.57768834 0.39134124 0.39258006 0.33639002 0.06468747 0.17087384 0.049819853 0.02855099 0.05725041 0.098733015 0.08049715 0.21082699999999832 0.9924219999999977 0.07589220775619661 0.05742104825690409 0.689916792375892 0.31008320762410796
b'STRIPE82-0087' b'iDR3.STRIPE82-0087.047693' 301.0598880615269 -0.9505938463422048 4.0556827 26 4.0817885 17.81456 12.0 3 0.7910683 22.27175 21.836746 22.406532 22.181871 21.265364 20.950674 20.756485 20.143068 19.165438 19.84906 19.837515 19.587599 0.4608621 0.7079177 1.6977447 1.0025357 0.4029508 0.08860519 0.20725714 0.050278723 0.029144662 0.054120608 0.1110658 0.07869455 0.29400799999999805 0.9776299999999978 0.07387144371677322 0.05811506955691418 0.6941322619767524 0.3058677380232476
b'STRIPE82-0087' b'iDR3.STRIPE82-0087.074890' 300.8799188474029 -0.7225810836955168 8.857387 39 5.018879 17.573563 12.0 3 0.53517693 21.961176 23.449434 22.17571 20.991623 21.214005 21.26276 20.50774 20.20312 19.420868 19.685091 19.453663 19.458447 0.35805222 3.183339 1.4155723 0.33974168 0.3846282 0.11655871 0.16607319 0.053406082 0.036229763 0.046911232 0.07893998 0.07006038 0.5180289999999985 0.7822519999999997 0.07108356548702764 0.06453530290954627 0.7733965333530974 0.22660346664690253
b'STRIPE82-0087' b'iDR3.STRIPE82-0087.062852' 300.769218214955 -0.8228208712687746 3.1525288 20 5.270201 17.694849 12.0 3 0.6679455 22.482782 21.961092 21.169064 21.409525 21.364655 20.675516 20.15913 20.217737 19.457499 19.876377 19.799717 19.644365 0.5795663 0.82245815 0.56985843 0.49804664 0.44268283 0.070071876 0.12266109 0.054656554 0.03772285 0.055862617 0.10824421 0.083494954 0.3413599999999981 0.7602380000000011 0.07815350838729894 0.06641048341397175 0.778359172380878 0.221640827619122
b'STRIPE82-0087' b'iDR3.STRIPE82-0087.091375' 300.63912586443973 -0.5725823974881757 3.477251 18 4.2867284 17.797258 12.0 3 0.76547194 21.463955 22.096933 22.494196 20.790104 20.876411 20.5425 20.717297 20.123163 19.015795 19.975098 19.859646 19.900644 0.23784727 0.9610569 1.9726015 0.28691304 0.28738722 0.06298383 0.2025595 0.050972387 0.026588319 0.061400726 0.11479589 0.10578709 0.14806500000000256 1.107368000000001 0.07980121170636975 0.05749019867528316 0.6492470619734205 0.35075293802657953
b'STRIPE82-0087' b'iDR3.STRIPE82-0087.096244' 300.56135752699555 -0.5312175282510222 8.821966 46 5.0732675 17.598782 11.0 3 0.5648425 22.108126 22.133276 99.0 21.228607 21.900345 21.051262 21.4655 20.144224 19.104843 19.542294 19.354534 19.320707 0.42744094 0.99767745 20.978617 0.4261658 0.72605443 0.09793045 0.397334 0.051940937 0.02858549 0.041935097 0.073196076 0.06268399 0.601930000000003 1.0393810000000023 0.06675637270581272 0.059287361005344714 0.6815878176472314 0.31841218235276864
b'STRIPE82-0087' b'iDR3.STRIPE82-0087.097860' 300.6262826232152 -0.5159780149888022 6.3758607 26 5.383056 17.852818 11.0 1 0.6208719 23.902962 21.828115 99.0 22.33595 21.385529 20.930603 20.708134 20.14921 18.72767 19.81912 19.82122 19.749517 2.1936188 0.7513414 20.978617 1.1667342 0.454004 0.087961815 0.2005885 0.05205267 0.02115878 0.05342221 0.11073926 0.09212952 0.33008999999999844 1.4215400000000002 0.07458828980083268 0.056188739309734476 0.5248569313307848 0.4751430686692152
b'STRIPE82-0087' b'iDR3.STRIPE82-0087.107294' 300.8648880871391 -0.4334246476733466 3.0691342 20 3.12228 17.585543 12.0 2 0.67386043 21.88718 20.85307 21.744156 20.589895 21.243132 20.692577 20.719894 20.2012 19.46665 19.823559 19.873722 19.686346 0.33388042 0.29996908 0.9514255 0.2357458 0.39295465 0.07048827 0.1996013 0.053107314 0.0374886 0.052992504 0.11475082 0.086033694 0.37764100000000056 0.7345499999999987 0.07502394471423515 0.06500601456984266 0.7863213900370214 0.21367860996297855
b'STRIPE82-0080' b'iDR3.STRIPE82-0080.043239' 55.08289490156473 1.0585242193939064 2.8434765 16 3.812358 17.251741 12.0 3 0.7770422 20.737755 21.185215 21.192993 21.195393 21.540546 20.687305 20.38507 20.12735 19.260513 20.204613 19.158722 19.498886 0.15284291 0.31603512 0.4635784 0.3803176 0.48700166 0.076580696 0.15353066 0.07347566 0.030020032 0.08669505 0.067189634 0.09397684 -0.07726299999999853 0.8668370000000003 0.11364288058183891 0.0793717514844962 0.722146278673248 0.27785372132675207
"b'SPLUS-s26s10 '" "b'iDR3.SPLUS-s26s10.025377 '" 15.018499579744676 -33.65902649700721 3.8209043 18 6.6034875 16.71946 12.0 1 0.7576837 22.765348 20.73074 21.54144 20.460136 20.934738 20.39179 20.621742 20.118195 19.450148 19.982464 19.908457 19.723461 0.5778308 0.18556748 0.7084791 0.23068042 0.32296434 0.08767572 0.20192057 0.070906915 0.045652788 0.081347615 0.1474386 0.1134134 0.13573099999999982 0.6680470000000014 0.10791304397988896 0.08433248275125171 0.7924507315860482 0.2075492684139518
"b'SPLUS-s26s50 '" "b'iDR3.SPLUS-s26s50.074215 '" 318.9927872120536 -32.848803558853675 2.6329632 31 4.396936 15.759741 12.0 2 0.971488 24.38805 21.493654 20.567638 21.323338 20.91028 21.264874 20.261686 20.213163 19.213684 19.083939 18.769047 18.707092 2.460459 0.2807774 0.20490965 0.39367884 0.279777 0.12056914 0.12295995 0.047584943 0.027866315 0.023656437 0.037479095 0.026232392 1.1292240000000007 0.9994790000000009 0.053140886442062836 0.055143978021108285 0.7248662113307409 0.27513378866925914
"b'SPLUS-s27s48 '" "b'iDR3.SPLUS-s27s48.003349 '" 317.5958348411416 -35.51638758133772 8.781665 27 4.7225776 16.246563 12.0 0 0.7779832 22.49054 22.028774 23.17689 20.919704 22.10558 20.870876 20.553185 20.21653 19.094044 19.703165 19.403357 19.503036 0.43891555 0.47844368 2.2374163 0.27203658 0.7426899 0.084433146 0.15447567 0.051829226 0.025258558 0.04893633 0.083808824 0.076321915 0.5133650000000003 1.1224859999999985 0.07128136545849817 0.05765642566096549 0.6627028689385726 0.3372971310614274
"b'SPLUS-n15s07 '" "b'iDR3.SPLUS-n15s07.053466 '" 159.30170456453632 -18.405193823978504 4.5373464 22 5.4236503 16.31377 12.0 2 0.8315194 22.537811 23.99356 21.82985 20.914425 21.075127 20.782032 20.182703 20.205835 18.794186 19.456244 17.571571 20.454638 0.505024 3.2669034 0.77294993 0.32276657 0.3894661 0.10440779 0.12927422 0.060061358 0.021384604 0.04234233 0.018824935 0.18053627 0.7495909999999988 1.4116490000000006 0.07348632277256131 0.06375474894500785 0.5651986084780884 0.4348013915219116
"b'SPLUS-n16s13 '" "b'iDR3.SPLUS-n16s13.052973 '" 169.04406148315238 -19.85310909843212 2.2168624 28 4.125939 15.711958 12.0 3 0.9972796 22.978535 22.800074 21.611868 23.105024 25.224133 21.257454 21.085575 20.217941 19.138302 19.13992 18.766655 18.56086 0.79379684 1.098831 0.6034616 2.162337 14.076565 0.13601567 0.25012353 0.053945728 0.02537643 0.029706005 0.043449003 0.03185671 1.0780209999999997 1.0796390000000002 0.06158399388242053 0.05961631294364726 0.6744791851004978 0.32552081489950224
"b'SPLUS-n03s25 '" "b'iDR3.SPLUS-n03s25.014998 '" 183.43415830944116 -3.0591089411962344 6.4158144 32 7.51585 16.674759 12.0 3 0.5765185 20.335873 20.383389 19.941402 20.337994 20.353615 19.86142 18.594181 20.182701 19.09472 20.678497 20.24358 20.356703 0.08599592 0.13467436 0.13819535 0.16468565 0.1562068 0.040469173 0.034159757 0.054463945 0.026031807 0.1223226 0.19152519 0.17983428 -0.49579599999999857 1.0879810000000028 0.13389973777316752 0.06036535662653103 0.6561255782375044 0.34387442176249555
"b'HYDRA-0083   '" "b'iDR3.HYDRA-0083.049805   '" 159.94112989730274 -33.38466958162584 3.3832767 33 4.3093905 16.226402 12.0 3 0.9661402 22.052675 21.36504 21.426413 21.388357 22.673693 20.894613 20.991835 20.116865 19.139248 19.05907 18.572025 18.491142 0.38242763 0.3180209 0.5421871 0.45112932 1.3004234 0.09044278 0.23243818 0.04653609 0.026177384 0.027156029 0.042527113 0.029877048 1.0577950000000023 0.9776170000000022 0.05388002954283657 0.05339347437254441 0.7125024575011952 0.28749754249880477
"b'HYDRA-0131   '" "b'iDR3.HYDRA-0131.108664   '" 155.35718354238418 -41.12662164514569 10.024879 40 5.9157815 16.677896 12.0 2 0.60808724 21.275454 20.835794 20.33208 20.163303 20.047218 20.856518 19.631332 20.151817 18.753029 20.184776 19.174793 19.403406 0.21664347 0.22843906 0.23383938 0.18229435 0.15867719 0.11144521 0.088573135 0.05666891 0.02194765 0.077188514 0.0686504 0.07462896 -0.032958999999998184 1.3987879999999997 0.09575715145155633 0.06077059075828209 0.5370499434653715 0.46295005653462845
"b'HYDRA-0155   '" "b'iDR3.HYDRA-0155.134458   '" 156.38683643163358 -45.243567892881074 3.8422744 39 3.6709683 15.890391 10.0 0 0.9488368 99.0 99.0 21.324291 21.138844 22.029116 21.382015 21.599728 20.193764 19.022327 18.568733 18.051271 17.902008 21.755436 21.343933 0.6386011 0.49145406 0.9946225 0.18282016 0.5156854 0.07129264 0.03172672 0.02297524 0.027240582 0.021354865 1.625031 1.171437000000001 0.07490328545015366 0.07803348819659417 0.6707637343414538 0.32923626565854625
"b'HYDRA-0063   '" "b'iDR3.HYDRA-0063.046355   '" 156.73709900864853 -30.76818073572321 3.1976533 20 4.198572 16.842926 12.0 2 0.90795034 20.644093 20.55503 20.600876 21.156769 20.596817 20.499287 20.386408 20.120775 19.578281 20.347265 19.179163 19.674358 0.11815982 0.1551922 0.23732497 0.32400322 0.1838805 0.063646816 0.12396825 0.051707853 0.038449105 0.07885386 0.06394627 0.075574994 -0.22649000000000186 0.5424939999999978 0.09429545746624918 0.06443629208117607 0.8143922470044085 0.18560775299559149
"b'HYDRA-0095   '" "b'iDR3.HYDRA-0095.062678   '" 150.53929944091945 -35.90816249107888 3.4303725 9 3.434342 18.352993 10.0 0 0.65104634 99.0 99.0 22.586636 21.76949 22.347115 22.658995 22.052246 20.1681 19.053951 19.935837 19.549072 19.63369 20.98575 20.900167 3.4919755 1.2849315 1.9291883 0.96730787 1.1308721 0.09732604 0.036324497 0.11945947 0.15729137 0.18102317 0.23226299999999966 1.1141489999999976 0.15408738765636368 0.10388371934227524 0.6299897755102377 0.37001022448976234
"b'HYDRA-0148   '" "b'iDR3.HYDRA-0148.117828   '" 157.88743438289345 -43.85709439615006 2.361995 25 4.229056 15.115413 10.0 0 0.9734995 99.0 24.042534 99.0 27.740822 26.751299 22.001284 20.778458 20.172565 19.043957 18.691553 17.618052 17.465101 21.378592 7.134505 20.657406 284.78693 111.51623 0.48427153 0.31113604 0.074411705 0.03291597 0.025122365 0.021935085 0.01568342 1.4810119999999998 1.1286079999999998 0.07853811217619283 0.08136684166199352 0.6353353581302225 0.36466464186977754
"b'SPLUS-s03s03 '" "b'iDR3.SPLUS-s03s03.024961 '" 327.66110511128545 -2.849008293578051 4.114629 20 4.9730177 16.874714 12.0 3 0.6996196 21.519758 22.069027 21.2705 20.9897 22.469997 20.726387 20.623022 20.203424 19.566763 20.052359 19.298725 19.48219 0.2155578 0.69457626 0.5504553 0.36386025 1.550713 0.08750827 0.20055827 0.057202596 0.037336234 0.07304174 0.0715604 0.08110234 0.15106499999999912 0.6366609999999966 0.09277517324891835 0.06830908693901547 0.8023979724235595 0.19760202757644058
b'STRIPE82-0094' b'iDR3.STRIPE82-0094.022190' 304.795499965546 0.2896324109876022 2.1421206 7 2.089735 18.11946 11.0 0 0.55572784 21.476189 99.0 20.527575 22.634901 19.573416 21.13936 20.562572 20.191946 18.837406 19.815294 20.238539 19.868885 0.6430008 20.156452 1.244654 7.539631 0.5791917 0.30536222 1.021202 0.14224395 0.17736253 0.13674927 1.1159983 0.28056145 0.376652 1.35454 0.19731625416355186 0.22735612672545993 0.5646003784780029 0.435399621521997
b'STRIPE82-0087' b'iDR3.STRIPE82-0087.048550' 300.96747562981045 -0.9432848991894712 5.5134335 23 4.8862653 17.737942 12.0 3 0.63741183 22.99108 21.598667 20.984884 21.30818 22.306522 20.920586 20.434296 20.277147 18.788786 19.913439 19.875275 19.714348 0.8913111 0.57258624 0.46650627 0.45060235 1.0347369 0.08599218 0.15504535 0.056499735 0.021628803 0.05720078 0.11483102 0.08817095 0.36370799999999903 1.4883609999999976 0.08039993338105837 0.0604981419076903 0.5200667162365677 0.4799332837634322
b'STRIPE82-0087' b'iDR3.STRIPE82-0087.049211' 300.6379284726814 -0.9374654085798264 3.657694 23 4.599771 17.811375 10.0 3 0.74499106 99.0 23.20162 21.892551 21.4497 99.0 21.37008 21.72472 20.284533 19.488565 19.769121 19.592342 19.371424 22.285767 2.5701027 1.1073464 0.51460105 21.442844 0.12826096 0.49680138 0.058194976 0.038894605 0.05085612 0.08994608 0.065312095 0.5154120000000013 0.7959679999999985 0.07728518728123117 0.06999603938614385 0.5469055894291681 0.45309441057083194
b'STRIPE82-0087' b'iDR3.STRIPE82-0087.052476' 300.6225653133855 -0.9103787860016068 3.0668058 35 4.4923735 17.219158 10.0 3 0.9010387 22.92535 99.0 99.0 21.955957 23.758785 21.823235 21.032578 20.328176 18.945871 19.211687 18.799553 18.651329 0.8723213 21.3679 20.978617 0.8152936 3.9346123 0.19209838 0.2653759 0.060399804 0.024971005 0.031357747 0.044948235 0.03449685 1.1164889999999978 1.3823049999999988 0.0680547178390626 0.06535814726526787 0.5819761457875741 0.418023854212426
b'STRIPE82-0087' b'iDR3.STRIPE82-0087.063640' 300.43668354358675 -0.8163419074732587 3.6994498 19 6.616754 18.053835 11.0 3 0.5994891 22.154245 99.0 22.500223 21.64122 22.978746 20.94195 20.597736 20.332369 19.572083 20.257317 20.357668 19.958254 0.4384715 21.3679 1.9593036 0.61515063 1.9322443 0.08835614 0.18078054 0.061054524 0.041973192 0.078468956 0.17912239 0.111087136 0.07505199999999945 0.7602860000000007 0.09942349801026171 0.07409051050934552 0.7765084959201395 0.22349150407986051
b'STRIPE82-0087' b'iDR3.STRIPE82-0087.113262' 300.95854167570087 -0.3808422556211409 3.2627943 26 5.3219104 17.53899 12.0 3 0.8363014 23.907993 21.878279 23.83729 22.428448 20.959305 21.69235 21.18626 20.317755 19.408758 19.475502 19.128038 19.073418 2.0946543 0.74783254 6.427495 1.2487024 0.3040261 0.16985871 0.3030499 0.058427807 0.035538126 0.03913294 0.059337355 0.04971177 0.8422529999999995 0.9089969999999994 0.07032208489424108 0.06838689224128498 0.7486577094019621 0.2513422905980379
b'STRIPE82-0087' b'iDR3.STRIPE82-0087.065247' 300.48686727861855 -0.8029518822789433 9.796175 22 4.7891736 17.924131 12.0 3 0.63721275 22.270033 23.054588 21.958809 20.929081 20.69763 20.792223 20.59145 20.32564 18.814083 20.19419 20.259192 20.13681 0.48876294 2.286323 1.1975515 0.3237947 0.24392508 0.07780149 0.1803475 0.06088372 0.022710007 0.07441257 0.16441745 0.1310482 0.13145000000000095 1.5115569999999998 0.09614602402098227 0.06498131869220915 0.5168033816032747 0.4831966183967253
b'STRIPE82-0087' b'iDR3.STRIPE82-0087.077409' 300.5131741881827 -0.6973295974695825 4.45896 26 3.900716 17.88929 12.0 3 0.73734784 23.287231 22.798523 24.73378 22.03377 22.08728 21.224802 20.884705 20.287848 18.908714 19.800762 19.87155 19.587656 1.2496749 1.8254647 15.46689 0.8861865 0.86057264 0.11404542 0.23521268 0.058903176 0.02446772 0.052468885 0.115836196 0.079621956 0.48708600000000146 1.3791340000000005 0.07888325573928982 0.06378286184301686 0.564674548886263 0.435325451113737
b'STRIPE82-0087' b'iDR3.STRIPE82-0087.084399' 301.0860334473415 -0.6335719805019325 2.9738462 21 4.9639616 17.550354 11.0 0 0.7701536 23.41929 99.0 24.740732 21.920273 21.940123 21.452152 20.957775 20.26288 19.178022 19.65238 19.383574 19.33932 1.3326298 21.3679 14.703521 0.7854157 0.73974127 0.13721175 0.24696143 0.055412047 0.029272538 0.045189023 0.07352722 0.06238752 0.6104999999999983 1.0848580000000005 0.0715020471904458 0.06266878356639494 0.6774393384403099 0.32256066155969015
