Star-v5/20r21-emitters/Good-Halpha-DR3-SPLUS-PStotal-STAR-20r21-good-rev-merge-comp-v3-v5.ecsv
# %ECSV 1.0
# ---
# datatype:
# - {name: Field, datatype: string}
# - {name: ID, datatype: string}
# - {name: RA, datatype: float64}
# - {name: DEC, datatype: float64}
# - {name: FWHM, datatype: float64}
# - {name: ISOarea, datatype: int64}
# - {name: KRON_RADIUS, datatype: float64}
# - {name: MU_MAX, datatype: float64}
# - {name: nDet_PStotal, datatype: float64}
# - {name: PhotoFlagDet, datatype: int64}
# - {name: CLASS_STAR, datatype: float64}
# - {name: u_PStotal, datatype: float64}
# - {name: J0378_PStotal, datatype: float64}
# - {name: J0395_PStotal, datatype: float64}
# - {name: J0410_PStotal, datatype: float64}
# - {name: J0430_PStotal, datatype: float64}
# - {name: g_PStotal, datatype: float64}
# - {name: J0515_PStotal, datatype: float64}
# - {name: r_PStotal, datatype: float64}
# - {name: J0660_PStotal, datatype: float64}
# - {name: i_PStotal, datatype: float64}
# - {name: J0861_PStotal, datatype: float64}
# - {name: z_PStotal, datatype: float64}
# - {name: e_u_PStotal, datatype: float64}
# - {name: e_J0378_PStotal, datatype: float64}
# - {name: e_J0395_PStotal, datatype: float64}
# - {name: e_J0410_PStotal, datatype: float64}
# - {name: e_J0430_PStotal, datatype: float64}
# - {name: e_g_PStotal, datatype: float64}
# - {name: e_J0515_PStotal, datatype: float64}
# - {name: e_r_PStotal, datatype: float64}
# - {name: e_J0660_PStotal, datatype: float64}
# - {name: e_i_PStotal, datatype: float64}
# - {name: e_J0861_PStotal, datatype: float64}
# - {name: e_z_PStotal, datatype: float64}
# - {name: r - i, datatype: float64}
# - {name: r - J0660, datatype: float64}
# - {name: e(r - i), datatype: float64}
# - {name: e(r - J0660), datatype: float64}
# - {name: P(GoodPho), datatype: float64}
# - {name: P(BadPho), datatype: float64}
# schema: astropy-2.0
Field ID RA DEC FWHM ISOarea KRON_RADIUS MU_MAX nDet_PStotal PhotoFlagDet CLASS_STAR u_PStotal J0378_PStotal J0395_PStotal J0410_PStotal J0430_PStotal g_PStotal J0515_PStotal r_PStotal J0660_PStotal i_PStotal J0861_PStotal z_PStotal e_u_PStotal e_J0378_PStotal e_J0395_PStotal e_J0410_PStotal e_J0430_PStotal e_g_PStotal e_J0515_PStotal e_r_PStotal e_J0660_PStotal e_i_PStotal e_J0861_PStotal e_z_PStotal "r - i" "r - J0660" "e(r - i)" "e(r - J0660)" P(GoodPho) P(BadPho)
[from data line 227]
"b'SPLUS-s27s26 '" "b'iDR3.SPLUS-s27s26.045338 '" 40.22373767834307 -34.17009867624952 5.676371 15 6.8321753 17.138388 11.0 0 0.54309535 24.436995 25.843111 99.0 25.030008 27.286709 22.27726 25.017698 20.781422 19.418106 20.422258 19.428993 19.678974 2.9888377 16.702353 21.231686 13.18295 101.16337 0.33837336 9.203636 0.091364436 0.033235125 0.100398846 0.093602404 0.09566214 0.3591639999999998 1.3633159999999975 0.13574751726543588 0.0972215701342234 0.5850323973583758 0.41496760264162424
"b'SPLUS-s24s02 '" "b'iDR3.SPLUS-s24s02.022405 '" 2.382172962400896 -31.06355418294998 6.558684 39 5.081634 16.498384 12.0 2 0.6798289 22.402935 23.056383 22.617308 20.99797 21.00552 21.107094 20.458979 20.867596 19.423822 19.524265 18.385855 19.3423 0.5051003 1.5944667 1.8224057 0.36845788 0.41399074 0.12027976 0.16505378 0.08855473 0.031086799 0.03758851 0.0313916 0.057323832 1.3433309999999992 1.4437739999999977 0.09620205969413025 0.09385269989424545 0.6612515352871027 0.33874846471289727
"b'SPLUS-s23s19 '" "b'iDR3.SPLUS-s23s19.013644 '" 28.19681124184145 -29.890677621942874 6.4697785 10 5.489925 17.634684 12.0 0 0.6537597 21.62697 22.156849 23.343393 22.490442 22.24443 21.534729 21.018692 20.81253 20.167912 21.030071 20.54859 21.131628 0.21607286 0.5860424 3.8654811 1.1955659 0.93164843 0.15023424 0.261225 0.08442261 0.05842351 0.14062116 0.26919743 0.30466878 -0.21754100000000065 0.6446179999999977 0.16401672999714909 0.10266685735880006 0.8395682273495464 0.16043177265045366
"b'SPLUS-n15s15 '" "b'iDR3.SPLUS-n15s15.039950 '" 169.71053631350878 -18.49473225989893 3.020235 18 5.0323296 16.537052 11.0 0 0.6697888 99.0 23.365206 21.907558 22.537653 22.382061 22.401573 21.054455 20.803898 19.089264 19.516346 19.137009 19.084034 22.628649 1.6752241 0.8260181 1.4413735 1.2331787 0.49124637 0.3194645 0.11544867 0.03464156 0.05219059 0.079430506 0.061701957 1.2875520000000016 1.7146340000000002 0.1266974865153883 0.12053394992284332 0.5225370226666071 0.47746297733339294
"b'SPLUS-n17s21 '" "b'iDR3.SPLUS-n17s21.048760 '" 180.09004805113685 -21.480879236306794 2.0076387 10 4.0795846 16.638277 12.0 0 0.9374588 21.509941 21.250095 21.159153 21.260172 21.131313 20.794617 20.821987 20.799965 19.955793 20.599073 20.724285 20.655933 0.16994049 0.20660578 0.32713884 0.2815439 0.23974234 0.064408466 0.14681844 0.06959778 0.040200155 0.071840316 0.18799555 0.14253612 0.20089199999999963 0.8441720000000004 0.10002440694104742 0.0803735245149323 0.8087115933797603 0.1912884066202397
"b'SPLUS-n03s18 '" "b'iDR3.SPLUS-n03s18.049481 '" 173.7075586521632 -2.124188520681312 2.3234951 10 6.865048 16.86758 12.0 3 0.80727494 21.555239 21.631369 21.054785 21.399357 21.209158 21.209457 21.634487 20.866472 20.20592 20.930277 20.872517 20.400135 0.24689479 0.38204837 0.36617777 0.42029715 0.33470553 0.11201133 0.3762997 0.085361935 0.056994826 0.16153073 0.27698478 0.15771878 -0.06380499999999856 0.6605520000000027 0.18269875938625618 0.10264048975776811 0.8468423465265292 0.1531576534734708
"b'SPLUS-n10s41 '" "b'iDR3.SPLUS-n10s41.018892 '" 207.02572666276689 -12.413036576747764 2.569043 7 4.58471 16.74065 12.0 0 0.5208128 21.365978 22.48055 22.056578 22.944715 20.55081 21.70237 21.624071 20.865093 20.16969 20.964413 19.7367 19.958443 0.20380135 0.8932551 0.9667725 2.0062792 0.23131016 0.22252758 0.4695816 0.10878481 0.06820215 0.17706598 0.15722427 0.14022343 -0.09931999999999874 0.6954030000000024 0.207813609179227 0.12839652702218468 0.8331311954223852 0.16686880457761483
"b'HYDRA-0141   '" "b'iDR3.HYDRA-0141.055964   '" 157.25895275770068 -43.27355324028985 5.299948 19 5.606829 17.129984 11.0 2 0.68221635 24.222343 24.03094 99.0 22.237408 21.802547 22.486423 22.649849 20.857887 19.814695 19.774357 19.368113 19.213245 3.2041438 4.079451 21.102217 1.1026347 0.73790914 0.4291567 1.0797728 0.09244492 0.049063932 0.05245813 0.08879653 0.05968422 1.0835300000000032 1.0431920000000012 0.10629166776800192 0.10465817052245383 0.7647989632176312 0.2352010367823688
"b'HYDRA-0042   '" "b'iDR3.HYDRA-0042.022766   '" 154.9884061679875 -28.270186538006755 5.6983385 14 2.5585492 17.687828 12.0 2 0.501751 22.201637 22.262674 23.409863 21.777908 23.005932 21.82151 21.168787 20.778828 19.347342 20.26912 20.289696 19.695017 0.44274268 0.6944295 3.2705712 0.62518823 1.8631359 0.23278227 0.28999934 0.10425575 0.03602586 0.10627669 0.23758273 0.113379404 0.5097079999999998 1.4314859999999996 0.14887577454179238 0.11030468710259822 0.6082689842772114 0.39173101572278857
"b'HYDRA-0022   '" "b'iDR3.HYDRA-0022.013519   '" 151.99957510864044 -25.748810088947412 5.256547 12 2.0600185 17.521814 12.0 2 0.6699471 22.213905 22.53874 21.68922 22.750492 23.077145 21.424662 22.653442 20.88585 20.20036 21.316265 20.49237 20.385199 0.30393836 0.6460937 0.5241731 1.2564526 1.6268176 0.12002235 0.865569 0.07970583 0.057279088 0.17469168 0.19999804 0.1656428 -0.430415 0.6854900000000015 0.19201615139672834 0.09815250000942739 0.8249317597081125 0.17506824029188753
"b'HYDRA-0132   '" "b'iDR3.HYDRA-0132.047916   '" 155.55544694602114 -42.00722744988533 2.208055 8 4.0642405 17.033602 11.0 3 0.67055625 99.0 22.360418 25.479567 22.20723 21.774033 22.442688 22.058126 20.88567 20.015482 20.245646 19.734863 19.96569 22.30658 0.81179905 21.432259 0.9840253 0.65503955 0.3762134 0.63554573 0.09163013 0.048221074 0.07240652 0.086641274 0.10924936 0.6400240000000004 0.8701880000000024 0.11678520823429353 0.10354396506571678 0.80638958937803 0.19361041062196999
"b'HYDRA-0142   '" "b'iDR3.HYDRA-0142.012708   '" 160.33953036792576 -43.77963401264216 2.2205036 12 5.7026544 16.583624 11.0 2 0.7862017 23.781872 99.0 22.352308 22.043037 22.143906 22.039341 21.31343 20.792154 19.905514 20.173786 19.952774 19.993088 1.6183892 21.945135 1.0712891 0.72830826 0.7708646 0.23561496 0.2814924 0.0829892 0.050358947 0.078437544 0.1524121 0.13467188 0.6183680000000003 0.8866399999999999 0.11419131151445777 0.09707332723044373 0.795965441858972 0.204034558141028
"b'SPLUS-s03s04 '" "b'iDR3.SPLUS-s03s04.044825 '" 328.4006829744474 -2.0143694160742136 3.1434586 12 3.2945843 16.794523 12.0 3 0.52495766 21.394003 20.559727 20.684887 24.272993 20.162745 20.640871 22.03947 20.845911 19.724392 20.009985 19.393137 19.981289 0.34521627 0.22613813 0.39127013 10.391494 0.24020433 0.14165474 1.024095 0.13914518 0.059296314 0.07682726 0.08752436 0.12094849 0.8359260000000006 1.1215189999999993 0.15894593104681856 0.15125288086915567 0.7410445245700557 0.25895547542994435
"b'SPLUS-n05n50 '" "b'iDR3.SPLUS-n05n50.013060 '" 217.4443568148288 4.987464020708565 1.8214557 12 3.2618399 16.239513 12.0 0 0.94577605 22.890808 23.657211 25.22133 22.6636 21.932995 21.871183 21.838097 20.805002 19.893219 19.96886 19.534718 19.587814 0.6644568 2.0092416 14.833359 1.2586563 0.6264176 0.19212061 0.43575358 0.080786094 0.045925856 0.072866395 0.090635456 0.08073057 0.8361420000000024 0.9117830000000033 0.108792943264133 0.0929278065656861 0.7934197022993066 0.20658029770069336
"b'SPLUS-n05n50 '" "b'iDR3.SPLUS-n05n50.013318 '" 216.7168071584236 4.993705579136191 2.0658813 9 4.725741 16.547642 11.0 0 0.9226341 99.0 22.407654 23.110508 25.060638 22.26492 22.502136 21.640087 20.836176 20.00083 20.187332 19.900257 19.829823 22.49874 0.6523093 2.1570697 11.10153 0.8292089 0.33009335 0.35878405 0.08387392 0.050525527 0.08800232 0.12487299 0.100233614 0.6488439999999969 0.8353459999999977 0.12156990902994375 0.09791661419184249 0.8024842071104987 0.19751579288950127
b'STRIPE82-0087' b'iDR3.STRIPE82-0087.000002' 299.7709153074976 -1.379587312772471 7.7465086 10 1.82 18.396297 11.0 0 0.53737926 99.0 23.441725 21.603039 22.892393 21.618855 21.75296 20.775288 20.904997 20.178759 20.925611 20.128809 20.611792 22.285767 3.0276163 0.80390704 1.9774007 0.57087237 0.185493 0.216687 0.09977258 0.06966051 0.14628208 0.14755629 0.20386079 -0.020613999999998356 0.7262380000000022 0.17706782499647644 0.12168465134648863 0.8319915857634762 0.1680084142365238
b'STRIPE82-0087' b'iDR3.STRIPE82-0087.157375' 300.4425759762864 -0.0299468691190126 4.43585 13 1.82 18.511229 11.0 3 0.587387 24.795366 99.0 23.932589 22.123611 22.634558 21.42636 21.668087 20.910036 19.718853 20.44447 20.448854 20.009268 4.756281 21.3679 7.047358 0.9648428 1.4237199 0.13674629 0.4787 0.10088818 0.04720235 0.0940798 0.19599614 0.11722203 0.4655660000000026 1.1911830000000023 0.13794721320763387 0.11138440963274393 0.7126884778611111 0.28731152213888894
b'STRIPE82-0054' b'iDR3.STRIPE82-0054.006275' 37.43891173256027 0.1489862508458985 3.343928 12 4.761001 17.203173 12.0 0 0.5110574 22.259995 21.98571 21.966564 21.298561 21.418205 21.18887 21.038605 20.97291 19.239456 20.805592 21.045128 20.396935 0.52035236 0.5831836 0.90604746 0.39670852 0.43117744 0.110790774 0.22427541 0.10514507 0.02892379 0.13276596 0.399459 0.18421865 0.16731799999999808 1.7334539999999983 0.16935845381918935 0.10905077429009387 0.514665265822887 0.48533473417711304
b'STRIPE82-0153' b'iDR3.STRIPE82-0153.011858' 347.4094870335072 -1.1133049791521952 2.7727826 10 6.9226108 17.881395 11.0 3 0.69904137 22.540016 21.376505 99.0 22.910881 22.050325 21.431538 21.476753 20.921812 19.940573 21.37119 20.252201 20.48151 0.6063105 0.3263042 21.225006 1.6630906 0.7393294 0.124965385 0.36650312 0.09090563 0.047930956 0.18674253 0.18260099 0.16170245 -0.4493779999999994 0.9812389999999986 0.20769353884148106 0.10276774838815354 0.7524035716815651 0.2475964283184349
b'STRIPE82-0096' b'iDR3.STRIPE82-0096.017096' 306.2948876449257 0.2366355054671027 9.227741 21 4.920148 16.67994 9.0 3 0.69288445 99.0 99.0 99.0 22.489567 22.588755 21.60336 22.087383 20.982464 19.5763 19.31152 18.851849 18.645609 22.124102 21.637669 21.148191 1.4008768 1.4403101 0.21395156 0.7232679 0.14015941 0.04963425 0.049923953 0.066164024 0.061875697 1.6709439999999987 1.4061640000000004 0.14878528588101148 0.14868832834022516 0.6813330746357491 0.3186669253642509
b'STRIPE82-0132' b'iDR3.STRIPE82-0132.001803' 332.2826681874065 0.0187571112632195 2.5679564 8 6.0602 17.246359 12.0 3 0.6473663 21.983692 21.890827 23.323013 21.705576 22.33016 21.605724 21.92569 20.952154 20.311241 21.055197 20.708 20.773743 0.31690753 0.42732662 2.451336 0.50249493 0.84109026 0.14320728 0.47779116 0.08933886 0.05928513 0.1517438 0.24003261 0.22677614 -0.10304299999999955 0.6409130000000012 0.1760897860312733 0.10722014057636979 0.8526297463381338 0.1473702536618662
"b'SPLUS-s22s32 '" "b'iDR3.SPLUS-s22s32.055913 '" 331.6231485573838 -27.546239154470594 12.195475 27 5.6816087 16.044558 12.0 2 0.8771067 20.506544 20.420124 19.967987 24.431492 21.584785 25.215084 24.492989 20.99303 19.381706 20.276974 18.335407 18.784119 0.0831806 0.12705098 0.16811357 8.626615 0.5976154 4.817121 6.3532696 0.0986632 0.029517174 0.06518263 0.027261391 0.03213718 0.7160560000000018 1.6113239999999998 0.118250591068108 0.10298393367504602 0.5320695272443008 0.4679304727556992
"b'SPLUS-n07s01 '" "b'iDR3.SPLUS-n07s01.000945 '" 150.25825008603914 -8.825866946445421 3.7352226 9 4.156344 17.796045 11.0 3 0.59107536 22.359085 22.398472 99.0 22.129856 23.85232 21.660654 21.1611 20.896702 19.923786 21.33575 20.237026 20.940119 0.46345025 0.7022575 21.344454 0.806269 3.960388 0.16435575 0.25929937 0.08732991 0.047393013 0.19394168 0.14221542 0.25842652 -0.43904799999999966 0.9729160000000014 0.21269670524441722 0.099361012785832 0.7514879231294334 0.24851207687056667
"b'SPLUS-n05s01 '" "b'iDR3.SPLUS-n05s01.043603 '" 150.56804037982894 -5.233680212154345 2.4347491 9 2.7728398 17.194471 12.0 2 0.6431854 22.257399 21.73254 21.736313 21.680302 22.40886 21.61464 21.430882 20.893932 20.086504 20.994999 20.03614 20.54776 0.3814887 0.36310375 0.6115781 0.5039645 0.9612712 0.16028588 0.31620848 0.08462565 0.049566966 0.12164342 0.12186464 0.15106145 -0.10106700000000046 0.807427999999998 0.14818441978568092 0.09807336415341147 0.8101839088936905 0.18981609110630948
"b'SPLUS-n12s26 '" "b'iDR3.SPLUS-n12s26.014868 '" 187.03148244048668 -15.230917405594688 3.9187977 12 5.114786 16.990423 12.0 2 0.55526173 21.811779 21.767982 21.176214 21.686176 21.103554 21.065361 20.49939 20.963964 20.168257 20.576433 19.86565 21.575079 0.21510443 0.3486263 0.33822516 0.48062345 0.2747031 0.09443525 0.13210203 0.09130537 0.053762123 0.0888724 0.11758315 0.42404133 0.3875309999999992 0.7957070000000002 0.12741653767308583 0.10595771071660631 0.8384927792601922 0.1615072207398078
"b'SPLUS-n09s41 '" "b'iDR3.SPLUS-n09s41.009254 '" 206.2334905318749 -11.345472945472588 2.798911 21 5.4972034 16.089136 12.0 2 0.95495915 22.339603 22.357723 22.504562 20.917126 21.968018 20.684862 20.80722 20.952318 19.198769 20.528812 18.439806 19.536821 0.41573164 0.67490435 1.2492425 0.2759316 0.74651766 0.08014011 0.19371653 0.101425506 0.02859621 0.102700494 0.040390205 0.08037784 0.42350600000000327 1.7535490000000031 0.14434169437553404 0.10537967780231697 0.5140090097384831 0.4859909902615169
"b'SPLUS-n10s42 '" "b'iDR3.SPLUS-n10s42.049203 '" 208.39543743378997 -11.595672441844847 5.420821 14 7.809721 17.433655 10.0 3 0.6270262 24.18288 99.0 99.0 21.300499 23.518911 22.062918 21.313866 20.962437 20.153477 20.698286 20.270185 20.27285 2.315213 21.941023 21.27926 0.38946387 2.9009886 0.24272819 0.32038376 0.113088146 0.06563515 0.11667618 0.21918507 0.15562618 0.2641510000000018 0.8089600000000026 0.1624877218287884 0.13075512105168124 0.8217828358629946 0.17821716413700545
"b'HYDRA-0032   '" "b'iDR3.HYDRA-0032.061952   '" 153.89793402785165 -26.411490060105645 2.1711004 20 5.4186945 16.606234 11.0 3 0.9453672 23.003162 24.767193 99.0 23.140999 23.356564 22.244652 23.286743 20.987808 20.010216 19.986553 19.642532 19.711447 0.5539968 4.806228 21.762672 1.35857 1.3237963 0.17897555 1.1017214 0.06882681 0.029327357 0.03602088 0.054770313 0.052933693 1.0012550000000005 0.9775920000000013 0.07768290397990088 0.07481459512275362 0.78833883670665 0.21166116329335005
"b'HYDRA-0116   '" "b'iDR3.HYDRA-0116.055610   '" 156.63836049025772 -39.06273513188007 3.1812174 10 2.6996486 17.478151 11.0 0 0.5241329 26.265432 23.950306 99.0 21.778698 21.212854 21.733292 21.136532 20.963535 19.786528 20.693146 20.935204 20.616058 14.841892 2.9166095 21.338257 0.60961217 0.3549677 0.1853263 0.2751073 0.09288189 0.040934827 0.10982929 0.291631 0.20446916 0.27038900000000154 1.1770069999999997 0.14383851511982526 0.10150224407121267 0.7239970830910977 0.27600291690890233
"b'HYDRA-0151   '" "b'iDR3.HYDRA-0151.022309   '" 163.33925709637427 -45.081931709836944 2.5546722 8 5.25449 17.142483 12.0 3 0.8420585 21.665493 22.048832 21.645319 22.109905 22.254715 21.511776 21.701927 20.985285 20.428553 21.33337 20.333704 20.680439 0.18158017 0.41957608 0.4771359 0.67779946 0.7429181 0.1363367 0.37338609 0.08814292 0.0671399 0.17187054 0.15829214 0.18269987 -0.34808499999999754 0.5567320000000002 0.19315448963463933 0.11080135612047536 0.8664878564622679 0.13351214353773208
"b'HYDRA-0028   '" "b'iDR3.HYDRA-0028.040694   '" 161.989010506074 -25.063370004279157 2.4871826 7 1.82 17.0722 12.0 0 0.53259015 24.126217 22.639923 22.022247 21.897438 21.97324 22.463423 21.171917 20.940172 19.855976 20.702904 20.545292 20.736885 3.0036066 1.1657981 0.93750346 0.75155234 0.77671653 0.44553795 0.29487106 0.11992813 0.054086376 0.13564703 0.27067396 0.27159983 0.23726800000000026 1.0841960000000022 0.18106041288232444 0.13156022360162767 0.7441297687798405 0.2558702312201595
