Star-v5/20r21-emitters/Good-Halpha-DR3-SPLUS-PStotal-STAR-20r21-good-rev-merge-comp-v3-v5-Final.ecsv
# %ECSV 1.0
# ---
# datatype:
# - {name: Field, datatype: string}
# - {name: ID, datatype: string}
# - {name: RA, datatype: float64}
# - {name: DEC, datatype: float64}
# - {name: FWHM, datatype: float64}
# - {name: ISOarea, datatype: int64}
# - {name: KRON_RADIUS, datatype: float64}
# - {name: MU_MAX, datatype: float64}
# - {name: nDet_PStotal, datatype: float64}
# - {name: PhotoFlagDet, datatype: int64}
# - {name: CLASS_STAR, datatype: float64}
# - {name: u_PStotal, datatype: float64}
# - {name: J0378_PStotal, datatype: float64}
# - {name: J0395_PStotal, datatype: float64}
# - {name: J0410_PStotal, datatype: float64}
# - {name: J0430_PStotal, datatype: float64}
# - {name: g_PStotal, datatype: float64}
# - {name: J0515_PStotal, datatype: float64}
# - {name: r_PStotal, datatype: float64}
# - {name: J0660_PStotal, datatype: float64}
# - {name: i_PStotal, datatype: float64}
# - {name: J0861_PStotal, datatype: float64}
# - {name: z_PStotal, datatype: float64}
# - {name: e_u_PStotal, datatype: float64}
# - {name: e_J0378_PStotal, datatype: float64}
# - {name: e_J0395_PStotal, datatype: float64}
# - {name: e_J0410_PStotal, datatype: float64}
# - {name: e_J0430_PStotal, datatype: float64}
# - {name: e_g_PStotal, datatype: float64}
# - {name: e_J0515_PStotal, datatype: float64}
# - {name: e_r_PStotal, datatype: float64}
# - {name: e_J0660_PStotal, datatype: float64}
# - {name: e_i_PStotal, datatype: float64}
# - {name: e_J0861_PStotal, datatype: float64}
# - {name: e_z_PStotal, datatype: float64}
# - {name: r - i, datatype: float64}
# - {name: r - J0660, datatype: float64}
# - {name: e(r - i), datatype: float64}
# - {name: e(r - J0660), datatype: float64}
# - {name: P(GoodPho), datatype: float64}
# - {name: P(BadPho), datatype: float64}
# schema: astropy-2.0
Field ID RA DEC FWHM ISOarea KRON_RADIUS MU_MAX nDet_PStotal PhotoFlagDet CLASS_STAR u_PStotal J0378_PStotal J0395_PStotal J0410_PStotal J0430_PStotal g_PStotal J0515_PStotal r_PStotal J0660_PStotal i_PStotal J0861_PStotal z_PStotal e_u_PStotal e_J0378_PStotal e_J0395_PStotal e_J0410_PStotal e_J0430_PStotal e_g_PStotal e_J0515_PStotal e_r_PStotal e_J0660_PStotal e_i_PStotal e_J0861_PStotal e_z_PStotal "r - i" "r - J0660" "e(r - i)" "e(r - J0660)" P(GoodPho) P(BadPho)
b'STRIPE82-0024' b'iDR3.STRIPE82-0024.041150' 15.913309252130196 1.1388130781475485 3.2668788 28 7.1892333 17.11572 11.0 2 0.5897502 25.381798 99.0 21.237246 21.633812 23.691143 21.456732 21.996845 20.078756 19.16912 19.458996 19.140667 19.16285 10.041693 21.685677 0.53660434 0.5810912 3.363093 0.14760512 0.61632156 0.05255073 0.027539406 0.042907618 0.07270765 0.060568742 0.6197599999999994 0.909635999999999 0.06784278079476713 0.05932957193816365 0.7083754311785306 0.29162456882146937
b'STRIPE82-0119' b'iDR3.STRIPE82-0119.032777' 323.8609554573302 -0.8571896274602386 2.9811668 19 3.8595665 15.779032 11.0 2 0.8210677 99.0 22.14813 21.418695 21.193151 21.482124 21.169456 20.773022 20.014362 19.063225 19.130474 18.242851 21.371353 22.710264 0.38995337 0.37448612 0.24878055 0.29878724 0.07869052 0.13409626 0.029656246 0.01728959 0.020825027 0.021199891 0.28655097 0.8838879999999989 0.9511369999999992 0.036237752087612235 0.03432816408112464 0.7132209618287351 0.28677903817126493
"b'SPLUS-s23s28 '" "b'iDR3.SPLUS-s23s28.018804 '" 326.0956022427804 -29.91639450734865 2.3112912 20 7.5951085 16.283216 12.0 2 0.84748125 22.51054 22.676683 23.009441 21.204483 22.366066 21.146517 21.688015 20.092182 19.101376 20.179657 19.545048 19.783144 0.43807063 0.75224304 1.6872509 0.28281873 0.7834934 0.09047596 0.33732405 0.040914796 0.023795974 0.06562454 0.09157379 0.09030339 -0.08747499999999775 0.9908060000000027 0.07733434412945658 0.04733147906341288 0.6664147227415848 0.33358527725841525
"b'SPLUS-n01s22 '" "b'iDR3.SPLUS-n01s22.017902 '" 180.02723772075691 -0.1785038653212205 7.8888254 29 4.4607706 16.581005 12.0 2 0.6316019 22.423687 20.936848 21.277016 21.426563 20.483301 23.715439 20.178146 20.109406 19.108261 19.778753 18.62685 18.521427 0.6319625 0.26429757 0.60009295 0.5997012 0.26100734 1.8599197 0.17035508 0.06684348 0.033616442 0.06279944 0.05727071 0.03660743 0.33065300000000164 1.001145000000001 0.09171597724946293 0.07482055861359072 0.6720642084662531 0.32793579153374686
"b'HYDRA-0063   '" "b'iDR3.HYDRA-0063.046355   '" 156.73709900864853 -30.76818073572321 3.1976533 20 4.198572 16.842926 12.0 2 0.90795034 20.644093 20.55503 20.600876 21.156769 20.596817 20.499287 20.386408 20.120775 19.578281 20.347265 19.179163 19.674358 0.11815982 0.1551922 0.23732497 0.32400322 0.1838805 0.063646816 0.12396825 0.051707853 0.038449105 0.07885386 0.06394627 0.075574994 -0.22649000000000186 0.5424939999999978 0.09429545746624918 0.06443629208117607 0.8143922470044085 0.18560775299559149
b'STRIPE82-0141' b'iDR3.STRIPE82-0141.036197' 338.82674120291733 -0.465098440452275 3.454592 20 3.19248 17.432686 12.0 2 0.87168956 22.726418 21.339699 24.908398 21.68512 23.622528 21.650806 20.718266 20.255611 19.456766 19.821903 19.359539 19.500479 0.82885617 0.37304488 17.771967 0.7114987 4.1414967 0.17857677 0.22743838 0.056389995 0.03859119 0.05276594 0.09072545 0.07002581 0.4337079999999993 0.798845 0.07722743010215752 0.06833089697725418 0.7613993776645226 0.23860062233547744
"b'HYDRA-0048   '" "b'iDR3.HYDRA-0048.071185   '" 163.6492569236074 -27.5597204841167 4.211233 15 1.82 17.466576 12.0 2 0.88518965 21.18237 21.224495 20.768614 20.83247 21.028582 20.854774 20.804836 20.298065 19.185163 20.434944 19.801628 19.982512 0.18630202 0.32583132 0.36619395 0.3025866 0.33814755 0.0833246 0.22630408 0.05600695 0.03178593 0.098192565 0.15872045 0.1336769 -0.13687900000000042 1.1129020000000018 0.11304228531652093 0.06439816607844823 0.6572846612379866 0.3427153387620135
b'STRIPE82-0034' b'iDR3.STRIPE82-0034.031629' 23.263275361486848 0.8507851539282231 3.911792 17 4.3518896 17.567003 12.0 2 0.8968576 21.85405 21.692566 22.798748 21.665936 21.884102 20.96392 20.875843 20.270863 19.432446 20.101414 19.230972 19.683895 0.3739881 0.46915165 2.085683 0.5849792 0.6682744 0.09461556 0.23361959 0.06061733 0.035927 0.07356199 0.081516676 0.09637176 0.16944900000000018 0.8384169999999997 0.09531960485172501 0.07046424643270444 0.7504467346818346 0.24955326531816532
"b'SPLUS-s22s15 '" "b'iDR3.SPLUS-s22s15.002546 '" 22.025019011931526 -28.89939832222917 4.498158 14 6.167205 17.226149 12.0 2 0.64890397 23.885674 22.212936 21.491566 21.346859 21.4749 20.77863 19.572674 20.393476 19.597717 20.649601 20.27114 20.219534 2.034815 0.72786653 0.6572795 0.50147355 0.5456002 0.09982766 0.083497554 0.06752568 0.040822554 0.1348508 0.21603832 0.18063383 -0.2561250000000008 0.7957590000000003 0.15081265106118386 0.07890626321493951 0.7713617166133578 0.22863828338664216
"b'SPLUS-n17s15 '" "b'iDR3.SPLUS-n17s15.004756 '" 171.905144648214 -22.1811845635112 3.4519372 16 4.638809 17.155472 12.0 2 0.8030616 21.060633 21.18233 20.726124 20.803099 20.816132 20.84776 20.571049 20.37979 19.45496 20.413094 19.442991 19.83605 0.1696189 0.2801748 0.29901695 0.3068676 0.305606 0.10624686 0.18784632 0.0670624 0.03586425 0.088447645 0.085480735 0.1010278 -0.03330400000000111 0.92483 0.1109970783390537 0.07605004879566153 0.7367063366783797 0.2632936633216203
"b'SPLUS-n15s12 '" "b'iDR3.SPLUS-n15s12.061698 '" 165.71944547322033 -18.276049204573795 2.9458861 14 4.9312124 17.055134 12.0 2 0.80716014 21.391483 21.819464 21.140022 21.070107 20.904701 21.005737 21.015646 20.35207 19.01431 21.007553 19.83781 20.238243 0.14898224 0.36925894 0.3649719 0.30074084 0.24885847 0.08523792 0.2071636 0.05226216 0.024263572 0.1406775 0.10850928 0.1427779 -0.6554830000000003 1.337760000000003 0.15007162414699057 0.05761991230525072 0.5554433066363789 0.44455669336362114
"b'SPLUS-s02s04 '" "b'iDR3.SPLUS-s02s04.046486 '" 329.45456330768263 -0.666971473955589 4.7197247 16 3.4137316 16.561232 12.0 2 0.5688791 23.08858 21.772072 22.567629 20.59788 20.738125 21.07065 21.069223 20.43894 19.430328 19.916481 18.754204 19.466457 0.7203214 0.37426642 1.3267604 0.25235596 0.277013 0.12649779 0.28764498 0.07188953 0.037238035 0.06559574 0.060772397 0.08736624 0.5224589999999978 1.0086119999999994 0.09731857802993475 0.08096156973701858 0.7316909729845302 0.2683090270154698
b'STRIPE82-0132' b'iDR3.STRIPE82-0132.054335' 332.3250882589719 1.1897825329487246 3.3686545 15 4.4534764 16.922255 12.0 2 0.702459 21.215763 21.371187 21.733643 21.715406 23.195412 21.136555 21.12428 20.490688 19.721088 20.445688 20.01596 20.130795 0.16446327 0.27459127 0.59015906 0.49060446 1.7851562 0.09328171 0.22816205 0.06048314 0.037234105 0.08746195 0.12695293 0.12418151 0.04499999999999815 0.769599999999997 0.10633815365174486 0.07102526873874274 0.7862032732567282 0.21379672674327177
"b'SPLUS-s22s17 '" "b'iDR3.SPLUS-s22s17.020385 '" 24.25820492552247 -28.42284241839054 2.9406207 15 4.276778 16.92505 12.0 0 0.85997546 21.63816 21.206306 21.029045 22.38857 22.117016 21.132877 20.751099 20.46006 19.728306 20.318636 19.541256 19.81503 0.28610307 0.31677255 0.44997758 1.3827395 1.0533001 0.16081607 0.22697063 0.073387995 0.045200944 0.085411154 0.09716718 0.10291735 0.1414239999999971 0.7317539999999987 0.11260933814622898 0.08619120110899464 0.7966380532448473 0.20336194675515273
"b'SPLUS-s23s20 '" "b'iDR3.SPLUS-s23s20.026825 '" 29.67764918659899 -29.6398590286624 4.0868216 21 5.4208302 17.298264 12.0 3 0.66304326 21.923004 21.110125 21.565521 21.112417 21.116322 21.136303 21.036385 20.479437 19.769436 20.65561 19.92556 19.99712 0.27746472 0.24470289 0.61631835 0.34996822 0.33465338 0.1083467 0.24764559 0.062141348 0.040443502 0.09150749 0.11324855 0.09187053 -0.17617299999999858 0.7100010000000019 0.11061269302099648 0.07414326662132649 0.801445536671829 0.19855446332817095
"b'SPLUS-n17s16 '" "b'iDR3.SPLUS-n17s16.032116 '" 173.05272160812288 -21.55961146553725 2.9860418 16 6.1117396 17.010069 12.0 2 0.74147844 22.313307 21.766647 20.991371 20.9636 20.7854 20.84471 20.89133 20.495258 19.795029 20.318115 19.688143 19.986532 0.43619514 0.4262257 0.36038426 0.2998407 0.2448768 0.08805185 0.20309561 0.06969009 0.04703404 0.084685996 0.10968161 0.12005227 0.17714300000000094 0.7002290000000002 0.10967418366561985 0.08407680752103816 0.8167009598464099 0.18329904015359016
"b'SPLUS-n14s04 '" "b'iDR3.SPLUS-n14s04.019900 '" 153.7614951806636 -17.835607535485476 2.7998466 17 4.9788227 16.817703 11.0 2 0.5880703 24.735039 23.375132 99.0 22.651886 22.658329 21.733023 21.306158 20.53574 19.578676 19.91177 19.776367 19.67173 4.3515625 2.1081874 21.124798 1.685624 1.6375418 0.20410044 0.35570374 0.070609555 0.038638137 0.058317635 0.10702691 0.08400957 0.6239699999999999 0.957063999999999 0.0915786864357163 0.08048984338491903 0.7470305477445196 0.25296945225548045
"b'HYDRA-D-0003 '" "b'iDR3.HYDRA-D-0003.103745 '" 157.39542858605117 -35.52498354379932 2.5313408 31 1.82 16.760267 11.0 3 0.95386463 99.0 21.439228 22.56422 21.888622 20.782888 21.63588 20.828722 20.45036 19.450785 20.05666 18.879686 19.07044 22.827648 0.21744955 1.0241082 0.52210474 0.16814058 0.104380675 0.1426126 0.03912642 0.020450598 0.040173873 0.031156722 0.031837918 0.39369999999999905 0.9995750000000001 0.056078666298660575 0.0441486545726368 0.7241548349583227 0.2758451650416773
"b'SPLUS-s23s08 '" "b'iDR3.SPLUS-s23s08.034808 '" 11.359147928044298 -29.298359446363328 5.7390876 18 5.841289 17.37389 12.0 3 0.7069681 21.19272 21.663689 20.764133 20.82254 21.207691 20.959694 21.66866 20.644785 20.008642 20.478989 20.306488 20.062687 0.16053122 0.48939648 0.30999106 0.2727436 0.3760412 0.09425113 0.4372181 0.07308389 0.052120082 0.09418985 0.1860922 0.12527055 0.16579600000000028 0.6361430000000006 0.11921821513743025 0.08976501504048681 0.8414912705959628 0.15850872940403712
"b'SPLUS-s23s08 '" "b'iDR3.SPLUS-s23s08.019649 '" 10.532306720468489 -29.73613311955997 5.232064 14 4.9873247 17.356735 12.0 2 0.50980407 21.280207 20.835907 21.158386 21.014574 21.29789 21.287048 21.143932 20.647951 19.804976 20.787945 19.987484 20.40657 0.17378639 0.23994534 0.44023293 0.32199168 0.40663794 0.1240196 0.2745261 0.07416796 0.044925492 0.12428127 0.14107905 0.17195527 -0.1399940000000015 0.8429749999999991 0.14472981850114544 0.08671324075366844 0.7825102798501631 0.21748972014983686
"b'SPLUS-s22s24 '" "b'iDR3.SPLUS-s22s24.013002 '" 320.2093401753881 -28.64819421743832 3.9415457 15 5.546652 17.277245 12.0 0 0.67475706 22.90441 23.283085 21.518385 21.656786 21.379873 23.124308 22.500046 20.632025 19.721891 20.097275 19.98745 19.92471 0.7344165 1.7886848 0.52852726 0.56398827 0.43101892 0.6647593 0.98209983 0.073882684 0.040203825 0.068774216 0.14280918 0.11497313 0.534749999999999 0.9101339999999993 0.10093831671599499 0.084113010525569 0.7663803232423811 0.2336196767576189
"b'SPLUS-s17s30 '" "b'iDR3.SPLUS-s17s30.036186 '" 325.93507236685474 -21.477605888195143 2.6756115 11 5.0446033 16.905933 11.0 2 0.7937833 23.588327 99.0 22.996851 22.925434 21.462734 20.968712 19.904701 20.565311 19.749706 20.428902 20.799877 20.30857 1.3147615 22.059147 1.8224963 1.4552114 0.38494644 0.08915201 0.08536589 0.077546164 0.044019714 0.10064647 0.33391297 0.17349066 0.13640900000000045 0.8156050000000015 0.12705557632223702 0.08916918061615624 0.7878542182622887 0.21214578173771123
"b'SPLUS-n03s18 '" "b'iDR3.SPLUS-n03s18.004879 '" 174.3444074235374 -3.3125929783660943 5.6419935 15 6.1795673 17.17681 12.0 2 0.5642817 21.547806 21.304468 22.34265 21.574844 21.349382 21.170525 21.496216 20.731617 19.89655 20.80897 20.118773 20.286373 0.23553991 0.27566695 1.1067834 0.4897862 0.3776368 0.108106904 0.33211416 0.07460495 0.043763366 0.14296257 0.14039686 0.14149782 -0.07735299999999867 0.8350669999999987 0.1612581625391639 0.08649353020979347 0.7921805279410947 0.20781947205890533
b'STRIPE82-0125' b'iDR3.STRIPE82-0125.029072' 327.127535195112 -0.797904422039106 2.0901268 7 1.82 16.85383 12.0 0 0.54914796 21.96176 21.633818 21.94574 22.73768 22.108326 21.432835 21.321358 20.853798 19.91396 20.692501 20.279907 20.650448 0.4435001 0.48120147 0.9317196 1.8555993 1.005176 0.21567109 0.39555943 0.10984302 0.055458546 0.11692 0.18083529 0.20476887 0.16129700000000113 0.9398380000000017 0.16042373715482505 0.12304933712602648 0.7766277418204501 0.2233722581795498
b'STRIPE82-0132' b'iDR3.STRIPE82-0132.057659' 331.01569880774014 1.1074578620103064 3.0680428 10 5.251886 17.31588 12.0 2 0.6091401 21.442451 22.66933 20.962551 21.231575 21.084188 21.397928 21.439405 20.878489 19.952087 21.123137 20.181057 21.40245 0.19814084 0.86291635 0.29682598 0.32881075 0.2764367 0.119230784 0.30857766 0.08532398 0.04523276 0.16368057 0.14941809 0.4009258 -0.24464800000000153 0.9264019999999995 0.18458469752004172 0.09657217063035292 0.7798107370712661 0.22018926292873386
"b'SPLUS-s23s19 '" "b'iDR3.SPLUS-s23s19.013644 '" 28.19681124184145 -29.890677621942874 6.4697785 10 5.489925 17.634684 12.0 0 0.6537597 21.62697 22.156849 23.343393 22.490442 22.24443 21.534729 21.018692 20.81253 20.167912 21.030071 20.54859 21.131628 0.21607286 0.5860424 3.8654811 1.1955659 0.93164843 0.15023424 0.261225 0.08442261 0.05842351 0.14062116 0.26919743 0.30466878 -0.21754100000000065 0.6446179999999977 0.16401672999714909 0.10266685735880006 0.8395682273495464 0.16043177265045366
b'STRIPE82-0061' b'iDR3.STRIPE82-0061.047759' 42.22020967186947 -0.3450287643994487 2.5409412 53 8.001971 16.101028 12.0 3 0.5273005 20.893192 20.312292 20.402306 21.052319 20.8509 19.856806 18.58414 20.165321 18.327484 20.750933 20.67516 20.75483 0.11210991 0.10218058 0.16474709 0.24084188 0.19035453 0.031337913 0.0287673 0.041986573 0.0135657815 0.09813797 0.23051497 0.1906158 -0.5856120000000011 1.8378370000000004 0.10674236960085358 0.04412372083120451 0.3491998743418634 0.6508001256581366
"b'SPLUS-n17s14 '" "b'iDR3.SPLUS-n17s14.046461 '" 169.06757955297104 -21.16874747736644 5.311467 21 8.370963 16.491924 11.0 3 0.5669013 28.375252 22.322496 24.063929 99.0 22.441425 21.65437 20.949417 20.811695 17.808348 19.704716 19.778812 18.92479 127.636955 0.75378335 5.938256 21.361567 1.3482659 0.2031513 0.24907309 0.10513456 0.0118744075 0.059891667 0.14935191 0.05703229 1.106978999999999 3.0033470000000015 0.12099705567670847 0.10580301158223077 0.03200078366990389 0.9679992163300961
