Star-v5/20r21-emitters/Halpha-DR3-SPLUS-PStotal-STAR-20r21-v5-Final-merge.ecsv
# %ECSV 1.0
# ---
# datatype:
# - {name: Field, datatype: string}
# - {name: ID, datatype: string}
# - {name: RA, datatype: float64}
# - {name: DEC, datatype: float64}
# - {name: FWHM, datatype: float64}
# - {name: ISOarea, datatype: int64}
# - {name: KRON_RADIUS, datatype: float64}
# - {name: MU_MAX, datatype: float64}
# - {name: nDet_PStotal, datatype: float64}
# - {name: PhotoFlagDet, datatype: int64}
# - {name: CLASS_STAR, datatype: float64}
# - {name: u_PStotal, datatype: float64}
# - {name: J0378_PStotal, datatype: float64}
# - {name: J0395_PStotal, datatype: float64}
# - {name: J0410_PStotal, datatype: float64}
# - {name: J0430_PStotal, datatype: float64}
# - {name: g_PStotal, datatype: float64}
# - {name: J0515_PStotal, datatype: float64}
# - {name: r_PStotal, datatype: float64}
# - {name: J0660_PStotal, datatype: float64}
# - {name: i_PStotal, datatype: float64}
# - {name: J0861_PStotal, datatype: float64}
# - {name: z_PStotal, datatype: float64}
# - {name: e_u_PStotal, datatype: float64}
# - {name: e_J0378_PStotal, datatype: float64}
# - {name: e_J0395_PStotal, datatype: float64}
# - {name: e_J0410_PStotal, datatype: float64}
# - {name: e_J0430_PStotal, datatype: float64}
# - {name: e_g_PStotal, datatype: float64}
# - {name: e_J0515_PStotal, datatype: float64}
# - {name: e_r_PStotal, datatype: float64}
# - {name: e_J0660_PStotal, datatype: float64}
# - {name: e_i_PStotal, datatype: float64}
# - {name: e_J0861_PStotal, datatype: float64}
# - {name: e_z_PStotal, datatype: float64}
# - {name: r - i, datatype: float64}
# - {name: r - J0660, datatype: float64}
# - {name: e(r - i), datatype: float64}
# - {name: e(r - J0660), datatype: float64}
# - {name: P(GoodPho), datatype: float64}
# - {name: P(BadPho), datatype: float64}
# schema: astropy-2.0
Field ID RA DEC FWHM ISOarea KRON_RADIUS MU_MAX nDet_PStotal PhotoFlagDet CLASS_STAR u_PStotal J0378_PStotal J0395_PStotal J0410_PStotal J0430_PStotal g_PStotal J0515_PStotal r_PStotal J0660_PStotal i_PStotal J0861_PStotal z_PStotal e_u_PStotal e_J0378_PStotal e_J0395_PStotal e_J0410_PStotal e_J0430_PStotal e_g_PStotal e_J0515_PStotal e_r_PStotal e_J0660_PStotal e_i_PStotal e_J0861_PStotal e_z_PStotal "r - i" "r - J0660" "e(r - i)" "e(r - J0660)" P(GoodPho) P(BadPho)
[from data line 485]
b'STRIPE82-0008' b'iDR3.STRIPE82-0008.034263' 4.474256625814649 0.8493703288672522 2.0007713 10 6.0501175 16.776566 12.0 0 0.8222516 20.88688 21.199509 21.513279 20.967575 21.330238 21.257814 21.720322 20.754635 20.163408 20.840885 20.79284 21.489502 0.118886195 0.2295067 0.48275527 0.24234149 0.3097917 0.10380875 0.3814903 0.07369569 0.051732115 0.122461356 0.30410454 0.45253146 -0.08624999999999972 0.591227 0.14292598937189427 0.0900403601000647 "" ""
b'STRIPE82-0139' b'iDR3.STRIPE82-0139.036559' 336.7565790194236 -0.1945163172446824 2.9388025 9 5.025752 16.88075 12.0 0 0.5339491 21.744354 21.602207 21.907642 20.977781 20.395023 21.025723 20.344093 20.697224 19.82092 20.533268 20.454727 20.263859 0.39263955 0.5481081 1.0929551 0.480377 0.26864973 0.24028285 0.2719386 0.12529661 0.06312134 0.15001315 0.27229583 0.16783835 0.16395599999999888 0.8763039999999975 0.19545635228974934 0.14029805430186015 "" ""
b'STRIPE82-0110' b'iDR3.STRIPE82-0110.028104' 316.13206888523496 0.4833554653489945 3.3771791 16 4.431619 17.782145 12.0 0 0.5531413 22.6639 22.180252 23.679508 26.985325 22.63877 21.982954 21.666586 20.77459 19.602404 20.421162 19.676498 19.74313 0.78081673 0.77621543 5.2801504 80.690346 1.3616432 0.22903599 0.50490355 0.10055918 0.04750538 0.091670886 0.097744144 0.09292694 0.35342800000000096 1.172186 0.13607240727751307 0.11121560057481504 "" ""
b'STRIPE82-0087' b'iDR3.STRIPE82-0087.002159' 300.85272279515755 -1.3554511130935607 3.1995866 17 1.82 17.809195 9.0 0 0.51429456 99.0 99.0 22.65663 25.451893 99.0 22.540373 22.79018 20.681608 19.758816 19.819408 19.523445 19.47106 22.285767 21.3679 2.147343 20.550734 21.442844 0.37318653 1.3346549 0.08049402 0.047743257 0.05331516 0.08553512 0.07220368 0.8622000000000014 0.9227920000000012 0.09654943573934546 0.09358795779761651 "" ""
b'STRIPE82-0087' b'iDR3.STRIPE82-0087.050424' 300.5272830751909 -0.9273598952327384 3.685199 14 4.6633477 18.164099 10.0 0 0.51630104 22.025587 99.0 99.0 21.129839 21.441736 21.452425 21.24023 20.667864 19.591677 20.296562 20.324947 20.12794 0.38623393 21.3679 20.978617 0.38570067 0.47360092 0.13819459 0.32071367 0.08174407 0.04256308 0.08131923 0.17387295 0.12954427 0.371302 1.076187000000001 0.11530355652779234 0.09216131921392673 "" ""
b'STRIPE82-0087' b'iDR3.STRIPE82-0087.098572' 301.0728568526115 -0.5099903889271904 3.0537226 19 2.459863 17.731236 11.0 0 0.6115037 99.0 24.769308 21.47949 23.835403 22.974333 21.92631 21.529358 20.768888 18.816679 19.817438 19.55957 19.270529 22.285767 10.485791 0.7341802 4.53288 1.8991011 0.20909938 0.4123979 0.086131714 0.021916017 0.05222521 0.08595093 0.05870427 0.9514500000000012 1.9522089999999999 0.10072807312820937 0.08887622830499775 "" ""
b'STRIPE82-0087' b'iDR3.STRIPE82-0087.100459' 300.8645503741173 -0.4945172417342503 3.6066287 14 5.2270136 18.25952 11.0 0 0.5150466 23.166859 22.419474 99.0 21.494173 22.44701 22.11692 22.31324 20.6785 19.756483 20.158066 19.88037 20.216707 1.0768168 1.24192 20.978617 0.53549427 1.181215 0.25033876 0.8492002 0.080968656 0.048042983 0.07158379 0.11599352 0.13974933 0.5204339999999981 0.9220170000000003 0.1080747993068247 0.09414909171088495 "" ""
b'STRIPE82-0087' b'iDR3.STRIPE82-0087.009427' 301.0512712679766 -1.2871269998611838 3.6421008 11 5.0348806 18.04596 9.0 0 0.5204311 99.0 99.0 21.05791 99.0 21.751001 21.867548 21.571274 20.76214 19.54416 20.363144 20.395102 20.094046 22.285767 21.3679 0.49239838 21.355217 0.63592213 0.20313483 0.4388461 0.08605586 0.039682314 0.08626332 0.18628833 0.1263192 0.39899600000000035 1.2179799999999972 0.1218481490124573 0.09476442942757687 "" ""
b'STRIPE82-0087' b'iDR3.STRIPE82-0087.102006' 300.8799403869556 -0.4805440045737295 2.6974304 10 5.0459533 18.177372 10.0 0 0.5013789 99.0 21.578224 99.0 22.642439 22.918047 21.711916 21.895336 20.767103 18.868002 20.545626 20.251547 20.290236 22.285767 0.57460946 20.978617 1.5192719 1.8078866 0.17288873 0.5765426 0.087087326 0.02307223 0.10067692 0.1610177 0.14854498 0.22147700000000015 1.8991009999999982 0.13311665774994758 0.09009178734492494 "" ""
b'STRIPE82-0087' b'iDR3.STRIPE82-0087.021764' 300.604020304633 -1.1773318339411136 3.8631558 14 4.957417 18.197123 11.0 0 0.5278881 24.220152 22.976778 21.311451 23.407156 99.0 21.893383 21.28901 20.7437 19.559893 20.2896 20.079102 19.899616 2.725519 1.9911834 0.6211647 3.0491064 21.442844 0.20244175 0.33084473 0.08530289 0.040501125 0.080068156 0.13854606 0.1047458 0.4541000000000004 1.1838070000000016 0.11699355814570492 0.09442946663313166 "" ""
b'STRIPE82-0087' b'iDR3.STRIPE82-0087.035384' 301.09931795201913 -1.0580239132030311 3.7131476 15 1.82 17.777464 10.0 0 0.5305402 99.0 21.79348 99.0 23.769138 22.240685 21.96138 21.835632 20.732832 18.732841 19.787539 19.417833 19.408867 22.285767 0.6746161 20.978617 4.303383 0.97876203 0.21771735 0.5495972 0.08395022 0.02065023 0.051380895 0.07678882 0.06728889 0.9452929999999995 1.9999909999999979 0.09842578833339069 0.08645271214427747 "" ""
b'STRIPE82-0087' b'iDR3.STRIPE82-0087.132600' 301.00555271527264 -0.2120649061751818 4.3315735 15 1.82 18.25035 10.0 0 0.6642241 99.0 23.929996 21.27687 99.0 23.91447 21.511986 20.82465 20.723719 19.719372 20.301435 20.31385 20.174908 22.285767 4.871714 0.6139081 21.355217 4.5028024 0.1442412 0.21845646 0.083380476 0.046093084 0.08119253 0.17062351 0.133992 0.42228399999999766 1.0043469999999992 0.11638097226689369 0.09527264124929902 "" ""
b'STRIPE82-0087' b'iDR3.STRIPE82-0087.087889' 301.03504429182595 -0.6027637576556054 6.3432417 18 1.82 18.30778 11.0 0 0.6632309 23.425718 22.04098 21.272524 21.429613 99.0 21.228107 21.940075 20.679575 16.256775 20.52554 20.163996 19.97942 1.3427793 0.86523837 0.61237663 0.503325 21.442844 0.11267637 0.60203075 0.07990177 0.00412212 0.098173745 0.14770567 0.111202806 0.15403500000000037 4.422799999999999 0.1265795285836455 0.0800080291122541 "" ""
b'STRIPE82-0087' b'iDR3.STRIPE82-0087.156626' 300.6410501975984 -0.0252711788418915 3.3027368 21 4.270636 17.781012 10.0 0 0.59412736 22.185387 22.087269 22.399363 24.297115 99.0 22.652073 99.0 20.689253 19.653364 19.716078 19.322193 19.24391 0.4354745 0.90853375 1.7240946 7.0693827 21.442844 0.41140676 21.680565 0.08279352 0.044577096 0.04921016 0.071406655 0.058748268 0.9731750000000012 1.035889000000001 0.09631410489235727 0.09403129501279675 "" ""
b'STRIPE82-0081' b'iDR3.STRIPE82-0081.002089' 56.4068185365494 -1.3283217479210592 3.2312088 14 4.598686 17.834612 11.0 0 0.564673 22.007198 23.119444 21.302513 22.144924 99.0 21.410458 21.102465 20.70803 19.871517 20.562654 20.044231 20.152853 0.4626726 1.8448286 0.53205174 1.0232688 21.36259 0.1758377 0.34540024 0.09609734 0.06817344 0.108639516 0.17606583 0.1389122 0.1453760000000024 0.8365130000000001 0.14504221175847345 0.11782324336271346 "" ""
b'STRIPE82-0031' b'iDR3.STRIPE82-0031.053937' 20.47622074078839 -0.2115342474830647 2.59341 15 3.56026 17.267189 10.0 0 0.92533404 22.390484 26.070477 99.0 99.0 23.38608 22.305805 21.489103 20.732811 18.986626 19.753437 19.231903 19.410076 0.55762374 23.445341 21.24713 21.504147 2.5363736 0.29185817 0.39397925 0.08301687 0.025276119 0.0481423 0.074981734 0.065317 0.979374 1.7461850000000005 0.09596604479651592 0.08677950735224914 "" ""
b'STRIPE82-0102' b'iDR3.STRIPE82-0102.050537' 310.9065583641982 0.6053855430927926 3.672334 12 2.5550878 17.21579 12.0 0 0.88420624 21.699944 21.086157 21.755573 22.333132 21.414652 21.354439 20.94553 20.685818 19.833385 20.87508 19.710918 20.401287 0.22151427 0.20924553 0.5722739 0.8239225 0.34982657 0.11546683 0.18259718 0.07102426 0.03977866 0.12059238 0.09695693 0.15196872 -0.18926199999999938 0.8524330000000013 0.13995344805545878 0.08140508153637094 "" ""
b'STRIPE82-0099' b'iDR3.STRIPE82-0099.114648' 308.3933986165383 -0.0927053694269631 5.2946563 14 4.93343 17.944344 12.0 0 0.83830094 22.374779 22.79178 21.964512 21.747797 22.576206 21.231846 21.325775 20.67875 19.946917 20.571482 20.523739 20.620205 0.43447888 0.81237996 0.5327793 0.3492782 0.71334743 0.09045145 0.20784056 0.06668593 0.032182533 0.0910393 0.16562368 0.13428044 0.10726800000000125 0.7318330000000017 0.11285019895620434 0.07404545016583389 "" ""
"b'SPLUS-n14s33 '" "b'iDR3.SPLUS-n14s33.039916 '" 196.24113026329604 -17.100690057854127 5.0303745 10 1.82 18.055134 12.0 0 0.5486908 21.126024 21.583351 21.754871 20.80606 20.769844 20.975021 21.325523 20.667162 20.002846 20.901628 20.464289 20.960903 0.25160474 0.5971327 1.1762239 0.432987 0.39923605 0.13154379 0.46597272 0.09934508 0.06516509 0.1679467 0.23701172 0.32710272 -0.23446599999999762 0.6643159999999995 0.19512954404983476 0.11881049564291236 "" ""
"b'SPLUS-n15s31 '" "b'iDR3.SPLUS-n15s31.047066 '" 192.7213643821653 -18.237800502478372 3.2572145 10 6.079032 17.21442 10.0 0 0.6145933 22.694786 99.0 99.0 23.16579 22.061077 22.091158 21.951092 20.764034 19.851809 20.221163 20.138754 20.0526 0.81193876 21.517698 21.03226 2.8120182 0.99090934 0.31329396 0.8105516 0.092062354 0.049310446 0.08170322 0.19435246 0.1322002 0.5428709999999981 0.9122249999999994 0.12308896450287377 0.10443656978635517 "" ""
"b'SPLUS-s23s36 '" "b'iDR3.SPLUS-s23s36.015197 '" 337.8556584081289 -29.988724810769256 1.9622457 9 4.8118362 16.833176 11.0 0 0.86242974 99.0 24.666655 23.375412 23.26764 21.345678 21.64987 21.24592 20.7681 19.796923 20.417986 20.24442 20.429317 22.667456 5.136353 2.8183267 2.2624898 0.39455935 0.15991522 0.271944 0.07488485 0.039938938 0.07793441 0.1469755 0.1494243 0.35011400000000137 0.9711770000000008 0.10808104839226255 0.08486966200056617 "" ""
"b'SPLUS-s22s15 '" "b'iDR3.SPLUS-s22s15.011897 '" 21.41808614673413 -28.63285703639381 3.3798616 8 5.4165053 17.482315 12.0 0 0.5035016 21.645504 21.574547 22.407894 21.601307 22.124659 21.376015 21.00933 20.728228 19.81555 20.76078 20.622194 20.598822 0.26953208 0.41176784 1.5088787 0.6136773 0.9550706 0.16287151 0.273561 0.09103975 0.04906274 0.14835533 0.29418194 0.25283208 -0.032551999999999026 0.9126779999999997 0.17406188560242417 0.10341851157491148 "" ""
"b'SPLUS-s23s02 '" "b'iDR3.SPLUS-s23s02.008057 '" 2.2455047539262902 -30.092601248385808 3.314153 19 4.8741956 17.181797 12.0 0 0.87324506 23.040466 25.1682 21.748714 22.356134 21.475155 21.889711 21.42855 20.728796 20.030247 20.375668 19.766048 19.802094 0.6191471 7.701737 0.6748925 1.0190737 0.43945816 0.21212411 0.31598055 0.07102088 0.046472162 0.06993652 0.096165486 0.07833692 0.3531279999999981 0.6985489999999999 0.0996748826218762 0.08487418474971435 "" ""
"b'SPLUS-s25s18 '" "b'iDR3.SPLUS-s25s18.001304 '" 26.811307259984112 -32.91032930382133 2.8032997 13 3.574105 17.306387 12.0 0 0.7152717 20.912666 20.686026 22.233355 20.444174 20.7273 20.939241 21.492504 20.689758 19.141174 20.746658 20.723772 20.742495 0.10959399 0.14483891 0.982204 0.182867 0.24059924 0.08772468 0.3543373 0.07280377 0.028937466 0.10375545 0.2535347 0.17987047 -0.05689999999999884 1.5485840000000017 0.12675007822843898 0.07834389487837617 "" ""
"b'SPLUS-s26s19 '" "b'iDR3.SPLUS-s26s19.032854 '" 29.37552409306638 -33.31589734612382 2.4322886 10 2.9083178 16.966036 12.0 0 0.62914574 20.88524 20.809238 20.640276 21.050533 20.687992 20.996357 21.230145 20.674969 20.132778 20.926144 20.812187 20.020634 0.13823019 0.20414545 0.29401857 0.35979268 0.2603739 0.101635806 0.29498002 0.08441255 0.05842959 0.1568396 0.31572676 0.13143829 -0.2511749999999999 0.5421910000000025 0.17811271354303293 0.10266204549428479 "" ""
"b'SPLUS-s24s57 '" "b'iDR3.SPLUS-s24s57.031431 '" 329.24145257262467 -30.970821622082525 4.9377728 15 2.1165278 17.623587 12.0 0 0.51157254 23.355001 21.878775 20.858 22.620945 22.56127 21.56636 22.01878 20.758984 19.06696 20.442947 19.942707 20.033983 1.186435 0.5106447 0.4335946 1.5389147 1.3635952 0.16467401 0.609358 0.08848831 0.025784371 0.09926175 0.123816855 0.12576419 0.31603700000000146 1.692024 0.13297772753254058 0.09216840453496924 "" ""
"b'SPLUS-s23s35 '" "b'iDR3.SPLUS-s23s35.042868 '" 335.91284873123493 -29.369682862452454 2.8784094 13 3.2166996 17.29079 9.0 0 0.5999303 99.0 99.0 22.73158 99.0 21.11042 21.043186 20.638487 20.683578 20.171265 20.886618 20.723656 20.919327 22.656073 22.036036 1.6458672 21.514715 0.32002082 0.10296265 0.16725565 0.07021411 0.056598406 0.11811648 0.2049535 0.22017437 -0.2030399999999979 0.5123130000000025 0.13741005818600943 0.09018536912843976 "" ""
"b'SPLUS-s24s09 '" "b'iDR3.SPLUS-s24s09.023798 '" 11.86153543175565 -30.90573812797847 4.158498 15 6.014367 17.382614 12.0 0 0.56333697 21.983875 20.945908 22.269665 21.462723 21.282438 20.944054 20.86995 20.69708 19.869408 20.567535 19.908548 20.31472 0.33054847 0.26542696 1.1931217 0.4854135 0.37412924 0.09585218 0.22418581 0.07863978 0.05781344 0.10768032 0.14056778 0.17060736 0.12954500000000024 0.8276719999999997 0.1333389152263914 0.0976043484844912 "" ""
"b'SPLUS-s25s20 '" "b'iDR3.SPLUS-s25s20.044825 '" 31.004357778636773 -31.514236732501896 3.784996 45 4.086594 15.787441 12.0 0 0.924784 29.811749 23.119442 20.57807 21.248562 21.821136 23.526148 21.497158 20.759676 18.322927 18.72538 17.830832 17.76153 333.92044 1.2909437 0.25107446 0.44181854 0.6988855 1.0049232 0.39626035 0.096641324 0.017563762 0.024971107 0.02627274 0.018839775 2.0342959999999977 2.436748999999999 0.09981533794602124 0.09822439228656811 "" ""
"b'SPLUS-s27s14 '" "b'iDR3.SPLUS-s27s14.028478 '" 21.148231482536826 -34.702280132681764 2.919655 9 2.1951637 16.607718 12.0 0 0.65286887 20.954683 20.831976 21.883173 20.598555 20.390676 20.826864 21.097004 20.681187 19.101204 20.715696 20.292322 20.056652 0.12319446 0.17819436 0.79906785 0.26519278 0.2353537 0.16347368 0.40288872 0.11967468 0.03687223 0.13508336 0.19857189 0.1192285 -0.0345089999999999 1.5799830000000021 0.18047033878726998 0.1252261569252818 "" ""
"b'SPLUS-s24s73 '" "b'iDR3.SPLUS-s24s73.047536 '" 354.506303931603 -30.256400775586787 5.443703 14 2.6424406 16.782503 12.0 0 0.52476186 22.090015 20.531017 20.136627 20.434313 19.914669 20.820677 20.055073 20.737043 20.022593 20.51767 19.725487 20.312471 0.28585374 0.15291142 0.28532642 0.3488595 0.25398162 0.10497938 0.15203454 0.087786436 0.05273395 0.1076952 0.13503902 0.1454769 0.21937300000000093 0.7144499999999994 0.13894140653031442 0.1024076551249202 "" ""
"b'SPLUS-s22s21 '" "b'iDR3.SPLUS-s22s21.075344 '" 316.3136060244845 -27.551245765731466 3.2078388 20 5.7888055 16.95636 12.0 0 0.74469095 22.38853 22.176157 23.86445 22.896559 21.424591 22.00015 21.972374 20.670162 19.588732 20.233952 19.642387 19.82507 0.3563319 0.4687176 3.434758 1.2781214 0.32873136 0.19384426 0.4598104 0.06315053 0.032789625 0.054083552 0.075610965 0.06818503 0.43621000000000265 1.081430000000001 0.08314457310142138 0.07115580754177078 "" ""
"b'SPLUS-s20s22 '" "b'iDR3.SPLUS-s20s22.063123 '" 315.78370565953344 -24.933050565189184 2.0810676 8 3.4462788 16.70361 12.0 0 0.8279433 20.926897 21.094734 21.786493 21.411077 22.19069 21.21047 21.305569 20.675426 20.009012 21.123016 20.491674 20.958961 0.119650014 0.252904 0.6808057 0.44942278 0.8382564 0.111633345 0.2936401 0.07802287 0.051858872 0.18626998 0.23491298 0.3151466 -0.44758999999999816 0.6664140000000032 0.2019506714329945 0.09368516877366066 "" ""
"b'SPLUS-s23s22 '" "b'iDR3.SPLUS-s23s22.017895 '" 315.7958520623565 -29.87040194167329 3.6568327 11 5.9942975 17.355932 12.0 0 0.65648496 21.80022 22.709576 23.406965 21.463942 21.282871 21.408272 20.967186 20.733177 20.00235 20.52927 19.535938 20.135408 0.2836038 1.0220559 3.173329 0.5408119 0.4535785 0.19944923 0.29388386 0.10521923 0.063641466 0.11892453 0.09509669 0.15123363 0.20390700000000095 0.7308270000000014 0.15878957836556465 0.12296878691937256 "" ""
