Star-v5/20r21-emitters/Halpha-DR3-SPLUS-PStotal-STAR-20r21-v5-Final-merge.ecsv
# %ECSV 1.0
# ---
# datatype:
# - {name: Field, datatype: string}
# - {name: ID, datatype: string}
# - {name: RA, datatype: float64}
# - {name: DEC, datatype: float64}
# - {name: FWHM, datatype: float64}
# - {name: ISOarea, datatype: int64}
# - {name: KRON_RADIUS, datatype: float64}
# - {name: MU_MAX, datatype: float64}
# - {name: nDet_PStotal, datatype: float64}
# - {name: PhotoFlagDet, datatype: int64}
# - {name: CLASS_STAR, datatype: float64}
# - {name: u_PStotal, datatype: float64}
# - {name: J0378_PStotal, datatype: float64}
# - {name: J0395_PStotal, datatype: float64}
# - {name: J0410_PStotal, datatype: float64}
# - {name: J0430_PStotal, datatype: float64}
# - {name: g_PStotal, datatype: float64}
# - {name: J0515_PStotal, datatype: float64}
# - {name: r_PStotal, datatype: float64}
# - {name: J0660_PStotal, datatype: float64}
# - {name: i_PStotal, datatype: float64}
# - {name: J0861_PStotal, datatype: float64}
# - {name: z_PStotal, datatype: float64}
# - {name: e_u_PStotal, datatype: float64}
# - {name: e_J0378_PStotal, datatype: float64}
# - {name: e_J0395_PStotal, datatype: float64}
# - {name: e_J0410_PStotal, datatype: float64}
# - {name: e_J0430_PStotal, datatype: float64}
# - {name: e_g_PStotal, datatype: float64}
# - {name: e_J0515_PStotal, datatype: float64}
# - {name: e_r_PStotal, datatype: float64}
# - {name: e_J0660_PStotal, datatype: float64}
# - {name: e_i_PStotal, datatype: float64}
# - {name: e_J0861_PStotal, datatype: float64}
# - {name: e_z_PStotal, datatype: float64}
# - {name: r - i, datatype: float64}
# - {name: r - J0660, datatype: float64}
# - {name: e(r - i), datatype: float64}
# - {name: e(r - J0660), datatype: float64}
# - {name: P(GoodPho), datatype: float64}
# - {name: P(BadPho), datatype: float64}
# schema: astropy-2.0
Field ID RA DEC FWHM ISOarea KRON_RADIUS MU_MAX nDet_PStotal PhotoFlagDet CLASS_STAR u_PStotal J0378_PStotal J0395_PStotal J0410_PStotal J0430_PStotal g_PStotal J0515_PStotal r_PStotal J0660_PStotal i_PStotal J0861_PStotal z_PStotal e_u_PStotal e_J0378_PStotal e_J0395_PStotal e_J0410_PStotal e_J0430_PStotal e_g_PStotal e_J0515_PStotal e_r_PStotal e_J0660_PStotal e_i_PStotal e_J0861_PStotal e_z_PStotal "r - i" "r - J0660" "e(r - i)" "e(r - J0660)" P(GoodPho) P(BadPho)
[from data line 207]
"b'HYDRA-0044   '" "b'iDR3.HYDRA-0044.000024   '" 157.00853498372226 -28.76223698585541 2.1976373 9 2.8194923 16.864506 11.0 0 0.88264835 23.416462 22.108435 99.0 21.69027 20.181612 20.519283 19.523285 20.328613 19.375095 19.87838 19.158972 23.626263 1.5008973 0.8084442 20.909649 0.8912449 0.22130154 0.08491983 0.107378766 0.07496265 0.052033447 0.07282894 0.09604479 4.0400877 0.45023300000000077 0.953517999999999 0.10451532613232425 0.09125173149986969 "" ""
"b'HYDRA-0150   '" "b'iDR3.HYDRA-0150.000039   '" 160.70485556145942 -45.28126884937799 1.8610172 13 4.5775776 15.588376 11.0 0 0.99505776 21.755 21.148281 20.90434 20.068905 20.360216 19.833096 20.241714 20.237297 19.326443 20.006195 99.0 19.287758 0.19514862 0.19228351 0.2588438 0.12139637 0.14994723 0.037498616 0.11443994 0.04894851 0.0285549 0.0563644 21.585335 0.055035196 0.23110199999999992 0.9108540000000005 0.07465187351018124 0.056668676932059216 "" ""
"b'HYDRA-0068   '" "b'iDR3.HYDRA-0068.000027   '" 150.54772356405 -32.938388744899406 3.4797935 21 4.5796075 16.158049 10.0 0 0.928903 23.43117 99.0 99.0 20.921124 20.348728 19.977991 21.380995 20.336617 19.597322 19.97587 18.34076 18.680395 1.8540407 21.550547 21.129776 0.39188442 0.21032569 0.059937313 0.42751315 0.068919495 0.039194234 0.06599653 0.034902573 0.03755234 0.36074699999999993 0.739295000000002 0.09542242274798897 0.07928483316436871 "" ""
"b'HYDRA-0068   '" "b'iDR3.HYDRA-0068.051579   '" 151.20511480780112 -32.01729050407862 3.031131 13 5.4767404 16.795353 10.0 0 0.5496115 22.531445 99.0 22.701216 99.0 21.805883 21.47956 21.145773 20.410065 19.73475 20.124456 19.944704 19.857435 0.8688823 21.550547 2.057758 21.13163 0.7782229 0.22205563 0.34817415 0.07533057 0.04466774 0.07554169 0.1350537 0.105116606 0.2856090000000009 0.6753150000000012 0.10668290258790768 0.08757797538897837 "" ""
"b'SPLUS-s29s42 '" "b'iDR3.SPLUS-s29s42.027081 '" 70.13158858337955 -37.47575261825271 4.9602246 20 4.6714363 17.583466 12.0 0 0.65050644 21.439583 21.244267 20.921114 21.476036 20.988466 20.955292 20.594826 20.408606 19.64477 20.606632 19.686756 20.105461 0.19308357 0.29174024 0.38936955 0.50463253 0.33000416 0.10397069 0.16656187 0.059370805 0.038402844 0.11720464 0.11504337 0.14831957 -0.19802600000000226 0.7638359999999977 0.13138424610233004 0.07070835108837117 "" ""
"b'SPLUS-s24s41 '" "b'iDR3.SPLUS-s24s41.026237 '" 63.26609460487469 -30.82971799215683 4.341215 22 6.112764 17.187712 12.0 0 0.6274009 24.11139 22.97057 21.088211 21.289967 21.019117 20.72313 20.222809 20.336794 19.688738 20.278986 20.095907 20.159689 1.9243662 1.195913 0.3578694 0.3460773 0.27412933 0.069636256 0.111052044 0.057033513 0.04020723 0.08032934 0.14631513 0.14978114 0.057808000000001414 0.6480560000000004 0.09851712779997582 0.06978139400580981 "" ""
"b'SPLUS-s26s38 '" "b'iDR3.SPLUS-s26s38.042425 '" 59.20763486983075 -33.12779171719599 3.5605764 15 5.44378 17.192339 12.0 0 0.67616385 21.454794 21.938662 21.768057 20.633583 21.032099 21.02671 20.693878 20.378345 19.752018 20.392939 20.01278 20.121422 0.16995744 0.4269018 0.62956935 0.1993874 0.2817867 0.09378722 0.1647072 0.05279076 0.037992 0.08415908 0.13958207 0.1420454 -0.014593999999998886 0.6263269999999999 0.0993459364434399 0.06504042131918888 "" ""
"b'SPLUS-s25s48 '" "b'iDR3.SPLUS-s25s48.023401 '" 74.67197376855974 -32.32577870784293 3.4247665 21 4.380374 16.819145 10.0 0 0.7242674 99.0 99.0 25.167397 22.222301 21.392616 21.714172 21.312813 20.353151 19.365993 19.768087 19.186932 19.472237 22.479715 21.987312 16.794035 0.94983256 0.4138293 0.16584244 0.2920693 0.05798274 0.03209793 0.056311324 0.074187055 0.088209435 0.5850639999999991 0.9871580000000009 0.08082674896679054 0.06627424272062638 "" ""
"b'SPLUS-s25s48 '" "b'iDR3.SPLUS-s25s48.027103 '" 74.03902632729971 -32.22044753826006 3.9515097 18 5.8074536 16.89258 12.0 0 0.6655139 25.010672 23.135798 24.301086 24.431658 26.724503 23.743359 22.447437 20.412575 19.62074 20.037252 19.49022 19.535618 4.643192 1.2817982 7.1388063 7.229138 54.43122 1.0269301 0.811183 0.06020506 0.038387656 0.07173375 0.09662123 0.093438156 0.3753230000000016 0.791834999999999 0.0936503077339637 0.07140211049246328 "" ""
"b'SPLUS-s28s35 '" "b'iDR3.SPLUS-s28s35.039399 '" 57.509130564336886 -35.8326311130568 5.054286 15 6.909794 16.88953 12.0 0 0.6428669 22.15931 21.99388 20.675947 20.900072 21.517681 21.627768 21.008312 20.354088 19.549965 20.875385 18.698065 19.33482 0.43675205 0.6296197 0.39856488 0.32996517 0.5527777 0.19448647 0.4350309 0.060826547 0.062490538 0.1918726 0.048181534 0.0963986 -0.5212970000000006 0.8041230000000006 0.20128329153385585 0.08720628509157269 "" ""
"b'SPLUS-s27s43 '" "b'iDR3.SPLUS-s27s43.031578 '" 68.21747211652333 -34.62452584437809 4.3624325 21 4.6466866 16.890377 10.0 0 0.6515286 99.0 22.409996 99.0 21.776304 21.647089 21.876541 21.590126 20.41542 18.843548 19.76452 19.490997 19.53925 22.3446 0.9293566 21.012129 0.93933326 0.80016774 0.35503203 0.5694506 0.08371421 0.026934497 0.05686029 0.09559635 0.08082334 0.6509 1.5718720000000026 0.10119862417448272 0.08794052583744942 "" ""
"b'SPLUS-n02s38 '" "b'iDR3.SPLUS-n02s38.019217 '" 200.889603689056 -1.56679412591795 3.122015 16 5.2873383 17.062376 12.0 0 0.8046446 21.377756 21.134342 22.154583 21.316277 21.35864 20.975874 20.67385 20.434856 19.991365 21.082767 20.407578 20.28526 0.16922602 0.21886118 0.8984821 0.35128263 0.3681258 0.09189682 0.155879 0.0625729 0.04851638 0.14898944 0.19820262 0.13500348 -0.6479110000000006 0.44349100000000163 0.16159585714344166 0.07917832369224799 "" ""
"b'SPLUS-s17s30 '" "b'iDR3.SPLUS-s17s30.051911 '" 326.923436863409 -21.01337735679617 2.6949403 10 3.5587797 16.895805 12.0 0 0.76638377 21.828802 23.374693 21.941563 21.11254 20.62178 21.091667 20.705654 20.375015 19.19207 20.79131 19.932867 20.581902 0.28032565 1.5682851 0.7304765 0.2837643 0.18344933 0.09760746 0.16296063 0.06628633 0.028855404 0.13856772 0.1532211 0.22276546 -0.4162949999999981 1.1829450000000001 0.15360628428182 0.07229461864393585 "" ""
b'STRIPE82-0027' b'iDR3.STRIPE82-0027.043178' 18.006545012765542 0.0348446872162932 4.535832 45 1.82 16.918852 8.0 0 0.94205123 99.0 99.0 21.270111 99.0 99.0 21.341805 20.853245 20.334536 18.935917 19.419186 19.436058 18.58036 22.534214 21.71453 0.480867 21.762434 21.350985 0.09593132 0.17373978 0.050741233 0.01745916 0.032475516 0.081685394 0.032750167 0.9153500000000001 1.398619 0.06024393634073511 0.053660926140590315 "" ""
b'STRIPE82-0056' b'iDR3.STRIPE82-0056.038958' 38.20293944460951 0.8607798584028256 2.6195264 14 5.0847197 16.972649 12.0 0 0.8652827 21.2442 21.2722 21.801748 21.994164 21.855698 21.126402 21.344318 20.43079 19.81764 21.023438 20.4356 20.21154 0.1638512 0.25511694 0.674209 0.6573088 0.5316341 0.09314413 0.2723807 0.055542506 0.039742857 0.123057194 0.17297955 0.11354819 -0.5926480000000005 0.6131499999999974 0.13501126978113223 0.06829688613167137 "" ""
b'STRIPE82-0009' b'iDR3.STRIPE82-0009.033328' 4.958578954314056 -0.6779700699260857 2.3466878 14 4.3179946 17.42448 11.0 0 0.9272886 23.140005 21.635616 22.411383 99.0 23.127716 22.198391 21.55268 20.402596 19.48795 20.004557 20.074371 20.148666 0.77344966 0.34574693 1.129108 21.675976 1.536259 0.20137636 0.31872892 0.047001433 0.026159953 0.045392867 0.11117813 0.09693469 0.3980390000000007 0.9146459999999976 0.06534253651744153 0.05379105729594556 "" ""
b'STRIPE82-0033' b'iDR3.STRIPE82-0033.040341' 22.642393025135533 -0.3518162354106257 1.9826406 11 3.992978 17.147478 12.0 0 0.95070857 23.14262 22.096474 21.622395 21.346756 22.509151 20.733372 19.376076 20.391857 19.804462 20.581913 20.03709 20.398432 1.251437 0.6288697 0.6712105 0.40539435 1.0668474 0.07064461 0.06099096 0.059555866 0.043992046 0.09489736 0.15091158 0.15589532 -0.19005599999999845 0.5873950000000008 0.11203753884292335 0.07404188872709874 "" ""
b'STRIPE82-0087' b'iDR3.STRIPE82-0087.006747' 301.0691746179971 -1.3122433997859777 3.5973878 14 4.7130075 18.076447 10.0 0 0.60272455 99.0 21.618294 21.306828 99.0 26.258022 21.484133 20.746853 20.44359 19.773775 20.182556 20.20879 20.187956 22.285767 0.57621646 0.6173341 21.355217 40.25988 0.14536962 0.21055478 0.06507634 0.048194863 0.07371525 0.15830652 0.13833266 0.26103399999999866 0.6698149999999998 0.09833040277736127 0.08097947176528363 "" ""
b'STRIPE82-0087' b'iDR3.STRIPE82-0087.053175' 300.72886597856456 -0.9043298436366114 3.4857292 18 6.295644 18.024418 11.0 0 0.6528341 22.097975 21.596817 99.0 21.288939 22.352015 20.783703 20.68127 20.429712 18.584162 20.178713 20.336218 20.297792 0.40694618 0.5889095 20.978617 0.44307426 1.0793118 0.07639551 0.19317742 0.065593496 0.018750377 0.07273846 0.17458564 0.1502392 0.2509990000000002 1.8455499999999994 0.09794585382073923 0.06822084252736949 "" ""
b'STRIPE82-0087' b'iDR3.STRIPE82-0087.021573' 300.7428123315277 -1.1789504329039702 3.3146868 17 2.099337 17.894361 11.0 0 0.6286269 23.843994 23.563269 99.0 22.966387 21.40997 21.405455 21.56297 20.414644 19.604542 20.03289 19.697592 19.680452 1.938498 3.4261467 20.978617 2.0474298 0.45712003 0.13168319 0.4266969 0.064017415 0.04212927 0.063995175 0.09889036 0.08631669 0.3817540000000008 0.8101020000000005 0.09051857183231986 0.07663618475638727 "" ""
b'STRIPE82-0087' b'iDR3.STRIPE82-0087.022964' 300.8508382521347 -1.166950783730589 2.9944322 17 1.8480924 17.67252 9.0 0 0.6678546 99.0 99.0 99.0 21.785444 22.022863 21.40273 21.097225 20.349596 18.769676 19.967497 19.643888 19.6221 22.285767 21.3679 20.978617 0.7003059 0.8043271 0.13236743 0.2822331 0.06035272 0.021357998 0.06055823 0.09462384 0.08220653 0.38209899999999664 1.5799199999999978 0.08549707616130098 0.06402042556845748 "" ""
b'STRIPE82-0087' b'iDR3.STRIPE82-0087.104549' 300.74813318182413 -0.4569289599365395 3.4160383 16 1.82 17.984041 12.0 0 0.5478333 22.117239 23.16183 21.685116 21.7129 21.748814 21.303421 21.604721 20.41482 19.207024 20.025526 20.023993 19.905672 0.42106146 2.4965806 0.9231555 0.6562441 0.6273256 0.1213455 0.44715852 0.06503886 0.03076419 0.06397867 0.13248074 0.10583013 0.3892939999999996 1.2077959999999983 0.09123225046587692 0.07194781926129311 "" ""
b'STRIPE82-0087' b'iDR3.STRIPE82-0087.157609' 301.0071537572194 0.0069685397520014 3.452371 16 1.82 18.017994 10.0 0 0.51812285 99.0 99.0 21.24305 20.95837 21.222248 21.183193 20.580208 20.392557 19.74286 20.104923 20.212128 19.973673 22.285767 21.3679 0.5919185 0.33352193 0.39199087 0.109872475 0.17911895 0.06332859 0.04774099 0.06935572 0.15739945 0.11289289 0.2876340000000006 0.6496969999999997 0.09391872128658109 0.07930770730243183 "" ""
b'STRIPE82-0087' b'iDR3.STRIPE82-0087.114979' 300.8764155230596 -0.3653935703103015 2.9632187 19 3.854292 17.543577 9.0 0 0.6783909 22.251463 99.0 99.0 22.513905 99.0 22.128468 22.926182 20.348188 18.12753 19.739185 19.468243 19.225164 0.46263692 21.3679 20.978617 1.3467389 21.442844 0.25083935 1.4757309 0.060140304 0.013219625 0.04914576 0.07983961 0.056778625 0.6090030000000013 2.2206580000000002 0.07766699357635787 0.06157608830019199 "" ""
b'STRIPE82-0087' b'iDR3.STRIPE82-0087.115559' 301.04262885674086 -0.3603595124578146 3.297955 14 3.4827611 18.04486 12.0 0 0.5358458 21.402266 20.918339 21.551477 20.927324 22.100227 21.049723 20.56702 20.42481 17.123085 20.334202 20.30924 20.225248 0.21162283 0.31182003 0.78254837 0.31755683 0.8519739 0.09571522 0.17338835 0.06371555 0.006762765 0.0830977 0.16915599 0.13963386 0.09060799999999958 3.301725000000001 0.10471341393103607 0.0640734445948376 "" ""
b'STRIPE82-0038' b'iDR3.STRIPE82-0038.010954' 25.61284110043893 0.2916569593475113 2.1138425 17 3.283831 16.896238 12.0 0 0.9881922 20.47945 20.314638 20.42022 20.579268 19.993584 20.37876 20.48581 20.43208 19.645111 19.818483 19.027977 19.124153 0.11025551 0.1655957 0.27224192 0.22647965 0.13766673 0.060542554 0.17628706 0.069323234 0.039098278 0.056418918 0.065572426 0.0629471 0.6135969999999986 0.7869689999999991 0.08938011568861096 0.07958885672494635 "" ""
b'STRIPE82-0092' b'iDR3.STRIPE82-0092.088595' 303.37424353784945 1.0608441221589269 2.0915864 8 7.134884 17.545223 10.0 0 0.67756134 99.0 21.258892 99.0 21.682163 22.811665 21.25283 20.546968 20.415857 19.024176 19.88543 19.798082 19.854843 21.563156 0.84539926 20.44365 1.0955291 2.491826 0.20662685 0.26486915 0.14405747 0.043854248 0.14221448 0.15089953 0.30950993 0.5304269999999995 1.3916809999999984 0.20242903197039525 0.15058469288226609 "" ""
b'STRIPE82-0131' b'iDR3.STRIPE82-0131.034199' 332.36566158168495 -0.8052376045536256 1.9008691 6 1.82 16.577097 11.0 0 0.7989219 22.15888 21.333138 20.868385 20.465582 20.503654 22.497982 19.85348 20.396914 19.802456 21.121952 19.781092 99.0 0.32585523 0.23780106 0.25177935 0.16186637 0.16217259 0.3151857 0.08065118 0.05594762 0.04124032 0.13772921 0.08913374 21.77867 -0.7250380000000014 0.5944579999999995 0.14865890982678603 0.06950467737761826 "" ""
b'STRIPE82-0147' b'iDR3.STRIPE82-0147.043690' 342.95730339479854 -0.4698259059306293 2.3642454 12 3.7067199 17.179543 12.0 0 0.9321156 22.955803 22.152143 21.111607 21.24644 20.54239 20.74853 19.576168 20.427807 19.863129 20.451788 20.43203 20.255848 0.769083 0.6350605 0.3609909 0.31477985 0.16026227 0.058055557 0.067074515 0.05065047 0.0405536 0.08041329 0.22089449 0.12879497 -0.023980999999999142 0.5646780000000007 0.09503561079850542 0.06488501047376737 "" ""
b'STRIPE82-0030' b'iDR3.STRIPE82-0030.011791' 19.57552004108609 0.2487480482840988 2.563463 16 4.493197 17.439072 12.0 0 0.9452091 20.537203 20.43977 20.7886 20.424767 20.691303 20.80851 20.646955 20.429699 19.865921 20.437061 20.428822 20.369593 0.07834133 0.11708378 0.25263214 0.14751986 0.16869073 0.062201984 0.13720776 0.047651425 0.037721023 0.0684913 0.16325682 0.124388695 -0.007362000000000535 0.5637779999999992 0.08343690119018458 0.060774450887664574 "" ""
b'STRIPE82-0101' b'iDR3.STRIPE82-0101.033644' 309.8780131359792 -0.9432857353934012 2.3577538 17 3.4845424 17.385395 10.0 0 0.902041 24.244946 99.0 22.584286 22.36866 99.0 21.267876 20.984625 20.423561 19.570662 20.056768 20.041653 19.810928 2.3623855 22.026001 1.2941123 0.85999614 21.792454 0.091350354 0.20437926 0.052154828 0.02873654 0.04997109 0.110124394 0.07393103 0.3667929999999977 0.8528990000000007 0.07223043624053287 0.059547584458827414 "" ""
b'STRIPE82-0164' b'iDR3.STRIPE82-0164.034395' 354.3799640317918 0.6822180980944633 2.3472273 17 4.7842436 16.418097 12.0 0 0.84245276 21.256966 20.92683 21.038689 21.469803 21.393711 21.021803 20.857382 20.339575 19.52343 20.433655 19.694345 19.930706 0.14734472 0.16824874 0.30500668 0.36496356 0.32132152 0.07780093 0.16293453 0.046397693 0.032232724 0.06373912 0.08154461 0.078335136 -0.09408000000000172 0.8161449999999988 0.0788379434923099 0.05649508307970194 "" ""
b'STRIPE82-0050' b'iDR3.STRIPE82-0050.021521' 33.39493673004336 0.5388291344152083 2.2423892 13 4.7391257 17.160093 12.0 0 0.80270606 22.223827 22.637524 21.703388 21.423862 21.034618 21.11501 21.120152 20.36277 17.825802 20.119125 20.100893 20.087177 0.48083603 1.1863735 0.8349832 0.5107803 0.3344224 0.10510732 0.3116452 0.06663602 0.012045786 0.07500427 0.19164787 0.14121683 0.24364500000000078 2.5369680000000017 0.10032945569309792 0.0677160255906842 "" ""
b'STRIPE82-0010' b'iDR3.STRIPE82-0010.005855' 5.657902318221463 0.0886788337120439 2.8075533 16 3.911317 16.58458 12.0 0 0.93159443 20.34319 20.239143 20.700527 20.897964 20.21973 20.627573 20.52494 20.419733 19.829195 20.386353 20.012693 20.07211 0.074032895 0.09787606 0.26086625 0.2700537 0.13052031 0.064656265 0.13444507 0.059243757 0.03828504 0.080843896 0.11438523 0.1065175 0.033380000000001075 0.5905380000000022 0.10022753246455718 0.07053769936194863 "" ""
