Star-v5/20r21-emitters/Halpha-DR3-SPLUS-PStotal-STAR-20r21-v5-Final-merge.ecsv
# %ECSV 1.0
# ---
# datatype:
# - {name: Field, datatype: string}
# - {name: ID, datatype: string}
# - {name: RA, datatype: float64}
# - {name: DEC, datatype: float64}
# - {name: FWHM, datatype: float64}
# - {name: ISOarea, datatype: int64}
# - {name: KRON_RADIUS, datatype: float64}
# - {name: MU_MAX, datatype: float64}
# - {name: nDet_PStotal, datatype: float64}
# - {name: PhotoFlagDet, datatype: int64}
# - {name: CLASS_STAR, datatype: float64}
# - {name: u_PStotal, datatype: float64}
# - {name: J0378_PStotal, datatype: float64}
# - {name: J0395_PStotal, datatype: float64}
# - {name: J0410_PStotal, datatype: float64}
# - {name: J0430_PStotal, datatype: float64}
# - {name: g_PStotal, datatype: float64}
# - {name: J0515_PStotal, datatype: float64}
# - {name: r_PStotal, datatype: float64}
# - {name: J0660_PStotal, datatype: float64}
# - {name: i_PStotal, datatype: float64}
# - {name: J0861_PStotal, datatype: float64}
# - {name: z_PStotal, datatype: float64}
# - {name: e_u_PStotal, datatype: float64}
# - {name: e_J0378_PStotal, datatype: float64}
# - {name: e_J0395_PStotal, datatype: float64}
# - {name: e_J0410_PStotal, datatype: float64}
# - {name: e_J0430_PStotal, datatype: float64}
# - {name: e_g_PStotal, datatype: float64}
# - {name: e_J0515_PStotal, datatype: float64}
# - {name: e_r_PStotal, datatype: float64}
# - {name: e_J0660_PStotal, datatype: float64}
# - {name: e_i_PStotal, datatype: float64}
# - {name: e_J0861_PStotal, datatype: float64}
# - {name: e_z_PStotal, datatype: float64}
# - {name: r - i, datatype: float64}
# - {name: r - J0660, datatype: float64}
# - {name: e(r - i), datatype: float64}
# - {name: e(r - J0660), datatype: float64}
# - {name: P(GoodPho), datatype: float64}
# - {name: P(BadPho), datatype: float64}
# schema: astropy-2.0
Field ID RA DEC FWHM ISOarea KRON_RADIUS MU_MAX nDet_PStotal PhotoFlagDet CLASS_STAR u_PStotal J0378_PStotal J0395_PStotal J0410_PStotal J0430_PStotal g_PStotal J0515_PStotal r_PStotal J0660_PStotal i_PStotal J0861_PStotal z_PStotal e_u_PStotal e_J0378_PStotal e_J0395_PStotal e_J0410_PStotal e_J0430_PStotal e_g_PStotal e_J0515_PStotal e_r_PStotal e_J0660_PStotal e_i_PStotal e_J0861_PStotal e_z_PStotal "r - i" "r - J0660" "e(r - i)" "e(r - J0660)" P(GoodPho) P(BadPho)
[from data line 138]
"b'SPLUS-s26s36 '" "b'iDR3.SPLUS-s26s36.006758 '" 55.95149144051901 -34.11479640982247 4.6860743 21 4.0617037 17.06294 12.0 0 0.74973553 20.829891 21.117151 21.012543 21.121964 20.600273 20.690226 20.348965 20.297947 19.62577 20.215664 19.789875 20.073624 0.11910571 0.32911134 0.3653742 0.36034477 0.22851904 0.07857366 0.14328972 0.059878472 0.03779474 0.07389264 0.11506993 0.11895169 0.08228300000000033 0.6721770000000014 0.09510811561178353 0.07080871260461091 "" ""
"b'SPLUS-s29s44 '" "b'iDR3.SPLUS-s29s44.009421 '" 73.06060239400423 -37.9919065152491 3.8456674 15 4.4458575 17.265814 12.0 0 0.6629435 21.244593 21.602802 21.367529 22.240639 21.731813 21.115496 21.099115 20.274757 19.01905 20.790928 19.706211 20.168198 0.17452905 0.40854195 0.6069218 1.1617337 0.72475845 0.11933769 0.30105513 0.05901829 0.025399992 0.120680526 0.106792614 0.12968183 -0.5161709999999999 1.255707000000001 0.13433892924301866 0.06425198944876466 "" ""
"b'SPLUS-s28s40 '" "b'iDR3.SPLUS-s28s40.007116 '" 65.86292991882347 -36.71093448319227 4.091568 13 4.4236937 15.914109 11.0 0 0.94123244 23.327412 22.629017 99.0 21.25922 23.019245 23.88065 20.997433 20.32327 19.171457 19.046198 18.125912 19.988142 1.1001124 1.0228474 20.86113 0.48405272 2.0364714 1.2528965 0.23891023 0.058742225 0.026206631 0.041381422 0.030741991 0.16635318 1.2770720000000004 1.1518130000000006 0.07185451332166067 0.06432290809906518 "" ""
"b'SPLUS-s24s43 '" "b'iDR3.SPLUS-s24s43.040600 '" 66.63402164549336 -30.559529364791057 5.2031746 25 4.7266345 17.365921 12.0 0 0.5959892 21.863869 23.64109 22.811737 21.64064 21.48897 21.692059 21.35269 20.332813 19.263378 20.160168 19.553398 19.809044 0.24478047 2.2488422 2.0759335 0.5348513 0.440081 0.16732459 0.304759 0.05033705 0.026856307 0.06611441 0.10836944 0.09355464 0.17264500000000282 1.0694350000000021 0.08309593138265314 0.0570533069013598 "" ""
"b'SPLUS-s24s32 '" "b'iDR3.SPLUS-s24s32.018789 '" 48.08069112038904 -31.033090170434228 5.2437005 17 5.6508927 17.450933 12.0 0 0.6577086 21.507952 20.832458 21.79042 21.076687 21.025375 20.913681 20.393211 20.312183 18.784622 21.016647 19.888706 19.97858 0.3698897 0.2562496 0.879333 0.43153083 0.37352923 0.11818503 0.169215 0.07048091 0.02524676 0.17543426 0.13580039 0.12452257 -0.704463999999998 1.5275610000000022 0.189062789189665 0.07486626453166806 "" ""
"b'SPLUS-s29s36 '" "b'iDR3.SPLUS-s29s36.048219 '" 59.06736364199932 -36.87457019582666 4.1936812 21 4.6241536 17.05225 12.0 0 0.5719717 22.121675 22.198244 21.84819 23.236395 22.064938 21.690514 21.49803 20.329676 18.28622 19.880018 19.540642 19.665241 0.41707134 0.8457574 0.8772219 2.9103239 0.9465551 0.20654918 0.41738254 0.06354933 0.01501962 0.061469395 0.09825007 0.09195818 0.44965799999999945 2.043455999999999 0.08841382168594979 0.0653001250258627 "" ""
"b'SPLUS-s28s44 '" "b'iDR3.SPLUS-s28s44.021116 '" 71.46895471064742 -36.28488992411335 1.9291635 14 2.5939326 15.799742 10.0 0 0.96590185 23.85049 99.0 99.0 21.224949 23.2867 21.987106 23.314682 20.251299 18.85635 19.291607 18.931541 18.842358 2.6029289 21.489788 20.959406 0.6053098 3.7499647 0.42837328 2.8704643 0.07317498 0.026763333 0.03901087 0.061559714 0.046105504 0.9596920000000004 1.3949490000000004 0.08292421646393351 0.07791568321762499 "" ""
"b'SPLUS-s25s47 '" "b'iDR3.SPLUS-s25s47.022088 '" 74.03903543909098 -32.220447902442 2.282808 10 3.2045436 16.954153 9.0 0 0.8728294 22.436075 99.0 22.339882 99.0 99.0 22.358774 21.13403 20.28592 19.513206 20.002945 19.474037 19.856089 0.49899316 21.72049 1.4736959 21.290304 21.337805 0.34585965 0.28842947 0.055578586 0.0339243 0.06910291 0.10177991 0.12279187 0.2829750000000004 0.7727140000000006 0.08868027622999095 0.06511403345093433 "" ""
"b'SPLUS-s28s41 '" "b'iDR3.SPLUS-s28s41.041526 '" 65.81765313428029 -35.88540695896827 2.0895875 16 3.0754712 16.40772 12.0 0 0.72279835 21.678375 20.966265 20.932663 20.909924 21.412758 20.70883 20.605751 20.248669 19.615685 20.219772 19.68811 19.755861 0.22905982 0.2284714 0.35655278 0.3324285 0.5016945 0.08806373 0.17728084 0.05396058 0.03734152 0.07801945 0.1183896 0.09903031 0.028897000000000617 0.6329840000000004 0.09486189315124857 0.06562113462785293 "" ""
"b'SPLUS-s30s23 '" "b'iDR3.SPLUS-s30s23.026418 '" 37.21374885903872 -38.678289488634135 5.146935 20 4.785331 17.431728 12.0 0 0.5225823 21.051647 20.77885 21.155941 20.701246 20.882118 20.664516 20.98597 20.270386 19.653034 20.29771 19.826868 20.012447 0.18623814 0.2166424 0.463429 0.26147225 0.2985814 0.087625414 0.2794727 0.05317193 0.047831737 0.10414912 0.14648923 0.15925929 -0.027324000000000126 0.6173519999999968 0.11693713412213974 0.07152013146214196 "" ""
"b'SPLUS-s37s44 '" "b'iDR3.SPLUS-s37s44.038865 '" 324.9292153497509 -47.68237431113992 5.102802 17 5.4280515 17.047318 12.0 0 0.50167274 21.491383 21.43905 21.14417 20.839064 20.8662 20.877361 21.141844 20.22353 19.55361 20.314941 19.286734 19.892756 0.33229873 0.3592146 0.40086275 0.27128768 0.26732504 0.09227251 0.27270174 0.061890036 0.045839082 0.10648228 0.15621017 0.1407508 -0.0914110000000008 0.6699200000000012 0.12316189552812062 0.07701686824770286 "" ""
b'STRIPE82-0008' b'iDR3.STRIPE82-0008.039230' 4.607760742009884 0.9728502461584572 2.5319252 15 4.924084 16.51981 12.0 0 0.9163737 21.424278 21.507957 20.846798 21.090706 20.921675 20.991673 20.609877 20.302101 19.486395 20.451588 19.898972 19.914455 0.18455377 0.29429102 0.2649081 0.26787165 0.21624565 0.08270301 0.14495495 0.05032897 0.030472586 0.08681012 0.13592972 0.108174905 -0.1494870000000006 0.8157059999999987 0.1003444176607513 0.05883522515286481 "" ""
b'STRIPE82-0017' b'iDR3.STRIPE82-0017.024243' 11.065875879315966 -0.717518646194803 2.401064 15 4.351585 16.436619 10.0 0 0.94486934 99.0 99.0 22.072018 21.193584 20.89479 20.493637 19.47735 20.256802 19.643856 20.158371 20.069796 20.480373 22.20075 21.7893 0.9426958 0.35244486 0.25533915 0.06572469 0.06544736 0.054861605 0.038154513 0.068862 0.14887536 0.20636998 0.09843100000000149 0.6129460000000009 0.08804414090202724 0.066824864874111 "" ""
b'STRIPE82-0056' b'iDR3.STRIPE82-0056.038512' 38.34423535712647 0.8498264300321089 2.8148 19 1.82 16.5627 12.0 0 0.912214 20.584566 20.236967 20.526316 20.540257 20.429348 20.407518 20.505535 20.300503 19.166843 20.409695 20.23244 20.344658 0.094779015 0.10786773 0.22173265 0.18462738 0.15459839 0.052310742 0.13318536 0.050059143 0.024757547 0.072064556 0.14447016 0.12788682 -0.10919200000000018 1.133659999999999 0.08774518806961203 0.055846700272725674 "" ""
b'STRIPE82-0169' b'iDR3.STRIPE82-0169.030158' 357.8153294830434 -5.8998646198314144e-05 3.1357136 12 7.3775544 17.841587 12.0 0 0.63436276 21.329817 22.02417 20.105145 20.81092 20.449987 20.875408 21.030518 20.296467 19.53109 20.750835 19.7211 20.252712 0.44405377 0.95880306 0.2656451 0.51676065 0.33046943 0.16715036 0.5037956 0.087945394 0.06410695 0.15153797 0.1580328 0.16613674 -0.4543679999999988 0.7653770000000009 0.17520887157200726 0.1088305718266597 "" ""
b'STRIPE82-0094' b'iDR3.STRIPE82-0094.032929' 303.99979420572714 0.4347316160290235 2.6911948 7 1.82 18.30703 12.0 0 0.6502456 21.19329 20.440956 19.661627 19.318035 20.487455 21.053362 20.526474 20.226574 18.886185 19.66055 20.35336 20.234165 0.48930517 0.59389526 0.5577922 0.3758288 1.3653266 0.29067636 1.0165808 0.14723498 0.18558206 0.121469066 1.2460607 0.39331013 0.5660239999999988 1.3403889999999983 0.19087397237578715 0.23689415427452826 "" ""
b'STRIPE82-0026' b'iDR3.STRIPE82-0026.006093' 17.28164156677598 0.1138851962867193 2.3798547 15 4.481412 16.514454 12.0 0 0.9288543 20.581005 20.328068 20.86846 21.035856 20.869995 20.656843 20.743055 20.316254 19.77911 20.444386 20.193537 20.487526 0.09893314 0.10304426 0.2509763 0.24315171 0.21753001 0.058758833 0.15440555 0.046162836 0.037137236 0.0711771 0.13359545 0.14283906 -0.1281320000000008 0.5371440000000014 0.08483623631428315 0.05924678662410808 "" ""
b'STRIPE82-0087' b'iDR3.STRIPE82-0087.023155' 300.7310181041588 -1.1650885322905635 3.3307269 19 4.6151557 17.88635 12.0 0 0.6245897 21.82112 20.96307 21.424944 22.613548 21.805454 21.02576 20.791477 20.251608 16.04721 20.060608 19.791018 19.919209 0.30622077 0.3222159 0.6924394 1.4826483 0.65515655 0.094268054 0.21303074 0.05559548 0.0037117337 0.06563945 0.10757098 0.107181095 0.1910000000000025 4.204398000000001 0.08601973490271231 0.05571924589843366 "" ""
b'STRIPE82-0087' b'iDR3.STRIPE82-0087.023708' 300.94074915334073 -1.1602197427639678 2.9737618 23 5.070395 17.598764 9.0 0 0.70357656 23.596577 99.0 99.0 22.760578 99.0 21.44319 21.261482 20.304152 18.75274 19.743452 19.575869 19.38859 1.5323951 21.3679 20.978617 1.7059605 21.442844 0.13702683 0.32682222 0.057595525 0.02095488 0.049507592 0.08866454 0.06634059 0.5606999999999971 1.5514119999999991 0.07594897080055851 0.06128908137539692 "" ""
b'STRIPE82-0087' b'iDR3.STRIPE82-0087.090241' 300.65048391977643 -0.5823641645899232 3.4980495 20 4.397623 17.777185 12.0 0 0.7159495 21.891903 21.54557 21.98358 20.90866 21.126068 20.818348 20.331238 20.248281 19.367804 19.993807 20.150488 19.79548 0.3484122 0.5801583 1.2306833 0.3178891 0.3582462 0.07959067 0.14323315 0.056582674 0.035297647 0.062180247 0.14844951 0.09579657 0.2544739999999983 0.8804769999999991 0.08407129185382657 0.06668975094215666 "" ""
b'STRIPE82-0087' b'iDR3.STRIPE82-0087.047497' 300.654968903354 -0.9522416605001052 3.2014203 19 1.82 17.705374 12.0 0 0.71508205 22.95148 21.338102 21.137028 21.869024 20.682009 20.721813 20.654942 20.2786 18.852291 20.09139 19.827425 19.96282 0.87980056 0.4631047 0.5477847 0.74831164 0.23705639 0.07217504 0.18806729 0.057528846 0.023072256 0.06740566 0.11073936 0.11110143 0.18721000000000032 1.4263089999999998 0.08861766822777113 0.06198303896245531 "" ""
b'STRIPE82-0087' b'iDR3.STRIPE82-0087.151092' 300.931269893933 -0.0861031470922113 4.161129 22 1.82 18.017078 8.0 0 0.67552626 99.0 21.826584 99.0 99.0 99.0 21.86331 20.905872 20.332205 19.12144 19.846035 19.380016 19.442636 22.285767 0.7171026 20.978617 21.355217 21.442844 0.19829929 0.23583622 0.059575155 0.028290162 0.05452978 0.07438726 0.0694659 0.48616999999999777 1.2107649999999985 0.08076320944664361 0.0659509845207808 "" ""
b'STRIPE82-0087' b'iDR3.STRIPE82-0087.129765' 301.0699341646362 -0.2371326047679289 2.9866462 32 4.6708565 17.085932 9.0 0 0.93195885 22.483528 99.0 99.0 99.0 22.498724 21.74308 21.986343 20.291853 18.774624 18.975271 18.583319 18.465712 0.56301624 21.3679 20.978617 21.355217 1.2289069 0.177457 0.6252372 0.056970812 0.021301217 0.02558828 0.037184604 0.029191034 1.3165820000000004 1.5172290000000004 0.062453450611617486 0.060822818626075144 "" ""
b'STRIPE82-0087' b'iDR3.STRIPE82-0087.131136' 300.97812035145813 -0.2250580312062306 3.415872 17 3.0557313 17.823202 9.0 0 0.6330708 99.0 99.0 99.0 22.341324 21.843674 21.162807 21.445541 20.32683 18.83695 19.83081 19.811731 19.829649 22.285767 21.3679 20.978617 1.1539835 0.6774786 0.1061897 0.3834264 0.059053753 0.022469204 0.053651627 0.10900839 0.09832124 0.49602000000000146 1.4898799999999994 0.0797862320399462 0.06318394473106775 "" ""
b'STRIPE82-0087' b'iDR3.STRIPE82-0087.155765' 300.9359466741334 -0.0097852502479532 3.2756398 30 4.7639585 17.22968 9.0 0 0.93620145 24.663614 99.0 99.0 99.0 21.50261 21.903303 21.474483 20.289415 17.55561 19.019762 18.616528 18.51766 4.1520133 21.3679 20.978617 21.355217 0.5048031 0.2086843 0.39985484 0.05784601 0.009022801 0.026994832 0.038619038 0.030841596 1.2696530000000017 2.7338050000000003 0.06383480106985784 0.05854546789296078 "" ""
b'STRIPE82-0020' b'iDR3.STRIPE82-0020.047343' 12.14637949210302 1.050988569360641 4.7916894 25 6.084775 17.369541 12.0 0 0.62207973 22.048485 21.030216 20.82661 20.846016 21.166367 20.794943 20.859203 20.257011 19.688423 20.974485 19.85802 20.19261 0.53338987 0.2678235 0.2631727 0.24592467 0.2935507 0.077785455 0.17882143 0.052772146 0.037016656 0.1228417 0.10457619 0.11231293 -0.7174740000000028 0.5685879999999983 0.1336973546946061 0.06446031503853865 "" ""
b'STRIPE82-0113' b'iDR3.STRIPE82-0113.074585' 318.4776016842348 0.0379056823822913 2.7535577 11 1.82 16.51334 7.0 0 0.7883409 99.0 99.0 99.0 99.0 99.0 21.279871 21.207108 20.310154 18.910713 19.717606 18.514416 19.633411 22.1641 21.680141 21.11186 21.390652 21.429243 0.12636918 0.3398335 0.060006797 0.0239309 0.04750303 0.037887856 0.07699931 0.5925480000000007 1.3994409999999995 0.07653334923665703 0.06460265986017301 "" ""
b'STRIPE82-0050' b'iDR3.STRIPE82-0050.013691' 34.524644241847646 0.3258019394011645 2.368926 16 5.413119 17.285334 12.0 0 0.8743163 21.027822 22.0396 20.717735 20.99321 20.858578 20.633617 20.266342 20.25317 19.422674 20.183292 19.559507 19.869835 0.16254112 0.67609817 0.3375816 0.34412152 0.28357524 0.06939424 0.14576583 0.05986931 0.03699427 0.07829927 0.11731559 0.115381464 0.06987799999999922 0.8304960000000001 0.09856525738011848 0.07037691590790975 "" ""
b'STRIPE82-0107' b'iDR3.STRIPE82-0107.038810' 314.0606317101171 -0.680733084738148 3.2025032 11 1.82 17.790257 12.0 0 0.60440886 21.159618 20.975029 21.0573 21.515957 21.163042 20.838202 21.076042 20.315727 19.96701 21.01337 20.039341 20.372616 0.21447934 0.28436586 0.5725958 0.59140456 0.41048598 0.09076192 0.33542943 0.07211126 0.0619868 0.19302441 0.1802459 0.2129927 -0.6976429999999993 0.3487170000000006 0.20605449928267933 0.09509152009000382 "" ""
b'STRIPE82-0018' b'iDR3.STRIPE82-0018.038274' 11.00110049046778 0.7902004261197328 2.3098955 13 4.0094895 16.63556 12.0 0 0.94460666 21.691729 20.944298 20.774788 21.937408 21.028103 20.933294 20.861565 20.315418 19.724377 21.391685 21.013304 20.513077 0.25193185 0.16518947 0.23500526 0.5234435 0.23242538 0.07405621 0.16457616 0.047741596 0.036531877 0.17106143 0.29713076 0.15392403 -1.0762669999999979 0.5910410000000006 0.17759862843578525 0.06011520627736666 "" ""
b'STRIPE82-0090' b'iDR3.STRIPE82-0090.113387' 301.530901159962 0.9980358073295208 4.03168 18 1.82 17.88399 11.0 0 0.57334834 99.0 21.739069 22.358902 22.15165 21.479843 21.332335 22.759476 20.322243 19.577929 20.040636 19.570745 19.810436 21.99527 0.52532035 1.476549 0.9578202 0.47261876 0.14347294 1.4554286 0.0710328 0.0411527 0.07788979 0.10623002 0.12022334 0.28160700000000105 0.7443139999999993 0.10541573915731986 0.0820926512736067 "" ""
"b'SPLUS-s22s19 '" "b'iDR3.SPLUS-s22s19.000006 '" 26.825872324879725 -28.959930249612505 3.4282446 23 3.5045192 16.293875 12.0 0 0.7899592 22.291477 23.089521 20.947405 22.357029 23.934616 20.809296 21.115448 20.301304 19.549261 20.046986 19.102085 19.011961 0.5138706 1.796891 0.4203852 1.6608505 6.222245 0.11896464 0.35751164 0.06887562 0.044414327 0.07110936 0.069907926 0.05151405 0.2543179999999978 0.7520429999999969 0.09899692980084786 0.081954154704001 "" ""
"b'SPLUS-s27s09 '" "b'iDR3.SPLUS-s27s09.008994 '" 12.658089163102478 -35.35572685431761 3.188698 17 4.2479954 16.967064 12.0 0 0.50293785 20.78078 20.728363 20.745026 21.042948 20.413757 20.721756 20.613062 20.269062 19.728386 20.373964 20.266376 20.175163 0.1059579 0.15784106 0.27998304 0.32155657 0.17054537 0.070358835 0.15063994 0.051192008 0.03958604 0.083232 0.16696624 0.13893317 -0.10490199999999916 0.5406760000000013 0.0977148274678519 0.06471225730843937 "" ""
"b'SPLUS-s24s70 '" "b'iDR3.SPLUS-s24s70.032946 '" 348.4227967057168 -30.764218147088105 2.148593 14 4.3673205 16.565783 11.0 0 0.9570999 23.014847 99.0 21.612286 20.927206 20.565723 20.512695 19.762764 20.29053 19.705107 20.430178 20.533504 21.213282 0.7299016 21.92858 0.63407373 0.2961724 0.21968496 0.06436531 0.082257114 0.054965306 0.038614705 0.0823595 0.2124334 0.31221905 -0.1396480000000011 0.5854229999999987 0.0990165243983227 0.06717350895934096 "" ""
