Star-v5/20r21-emitters/Halpha-DR3-SPLUS-PStotal-STAR-20r21-v5-Final-merge.ecsv
# %ECSV 1.0
# ---
# datatype:
# - {name: Field, datatype: string}
# - {name: ID, datatype: string}
# - {name: RA, datatype: float64}
# - {name: DEC, datatype: float64}
# - {name: FWHM, datatype: float64}
# - {name: ISOarea, datatype: int64}
# - {name: KRON_RADIUS, datatype: float64}
# - {name: MU_MAX, datatype: float64}
# - {name: nDet_PStotal, datatype: float64}
# - {name: PhotoFlagDet, datatype: int64}
# - {name: CLASS_STAR, datatype: float64}
# - {name: u_PStotal, datatype: float64}
# - {name: J0378_PStotal, datatype: float64}
# - {name: J0395_PStotal, datatype: float64}
# - {name: J0410_PStotal, datatype: float64}
# - {name: J0430_PStotal, datatype: float64}
# - {name: g_PStotal, datatype: float64}
# - {name: J0515_PStotal, datatype: float64}
# - {name: r_PStotal, datatype: float64}
# - {name: J0660_PStotal, datatype: float64}
# - {name: i_PStotal, datatype: float64}
# - {name: J0861_PStotal, datatype: float64}
# - {name: z_PStotal, datatype: float64}
# - {name: e_u_PStotal, datatype: float64}
# - {name: e_J0378_PStotal, datatype: float64}
# - {name: e_J0395_PStotal, datatype: float64}
# - {name: e_J0410_PStotal, datatype: float64}
# - {name: e_J0430_PStotal, datatype: float64}
# - {name: e_g_PStotal, datatype: float64}
# - {name: e_J0515_PStotal, datatype: float64}
# - {name: e_r_PStotal, datatype: float64}
# - {name: e_J0660_PStotal, datatype: float64}
# - {name: e_i_PStotal, datatype: float64}
# - {name: e_J0861_PStotal, datatype: float64}
# - {name: e_z_PStotal, datatype: float64}
# - {name: r - i, datatype: float64}
# - {name: r - J0660, datatype: float64}
# - {name: e(r - i), datatype: float64}
# - {name: e(r - J0660), datatype: float64}
# - {name: P(GoodPho), datatype: float64}
# - {name: P(BadPho), datatype: float64}
# schema: astropy-2.0
Field ID RA DEC FWHM ISOarea KRON_RADIUS MU_MAX nDet_PStotal PhotoFlagDet CLASS_STAR u_PStotal J0378_PStotal J0395_PStotal J0410_PStotal J0430_PStotal g_PStotal J0515_PStotal r_PStotal J0660_PStotal i_PStotal J0861_PStotal z_PStotal e_u_PStotal e_J0378_PStotal e_J0395_PStotal e_J0410_PStotal e_J0430_PStotal e_g_PStotal e_J0515_PStotal e_r_PStotal e_J0660_PStotal e_i_PStotal e_J0861_PStotal e_z_PStotal "r - i" "r - J0660" "e(r - i)" "e(r - J0660)" P(GoodPho) P(BadPho)
[from data line 381]
"b'SPLUS-n06s41 '" "b'iDR3.SPLUS-n06s41.006382 '" 204.87609990273808 -7.33874752336916 5.116762 14 6.483254 17.55215 12.0 0 0.63188946 21.824108 21.715359 20.91647 22.033514 21.346016 21.62766 21.112072 20.52988 19.900108 20.604538 20.157927 20.032465 0.2627834 0.42551404 0.37939507 0.9600308 0.44821927 0.20896594 0.2785205 0.08127833 0.053494133 0.1204502 0.19282408 0.14840057 -0.074658000000003 0.6297719999999991 0.14530800944073557 0.0973025651923452 "" ""
"b'SPLUS-n10s35 '" "b'iDR3.SPLUS-n10s35.019490 '" 198.372456369232 -12.398523831834456 2.8726237 12 3.7233562 17.115665 12.0 0 0.5581625 22.326515 22.20358 21.489244 21.225504 20.788029 20.831007 20.023117 20.489132 19.909891 20.518394 20.201996 20.496012 0.4301796 0.6214987 0.6511083 0.39938104 0.26970556 0.099152096 0.10839689 0.077087075 0.055976707 0.10419918 0.20834917 0.19214377 -0.029261999999999233 0.5792410000000032 0.12961437514692584 0.09526703972843638 "" ""
"b'HYDRA-0124   '" "b'iDR3.HYDRA-0124.050632   '" 156.7371807190874 -40.50327762262371 3.793584 13 4.272742 17.559671 10.0 0 0.66183406 99.0 99.0 22.65359 21.164145 21.188293 21.650543 22.017675 20.531904 18.976734 20.478544 19.771385 20.066889 21.784815 21.427473 2.1824636 0.51652855 0.50651616 0.2671099 0.7867827 0.08506353 0.027539305 0.10243113 0.1120768 0.13031462 0.053360000000001406 1.5551700000000004 0.13314631248794612 0.08941038785255281 "" ""
"b'HYDRA-0096   '" "b'iDR3.HYDRA-0096.017464   '" 152.43253303244373 -36.7737535367255 3.398963 10 8.0664425 17.84157 12.0 0 0.52299887 20.913795 21.05841 21.486431 20.195114 21.339363 20.694895 20.406029 20.489746 18.910122 20.429321 20.579285 20.48505 0.34415177 0.46679956 1.0632329 0.31110314 0.77053756 0.18879983 0.26369375 0.12714332 0.032791708 0.13381293 0.27377763 0.22600548 0.06042499999999862 1.579623999999999 0.18458419232373963 0.13130392200608354 "" ""
"b'HYDRA-0032   '" "b'iDR3.HYDRA-0032.059053   '" 153.52309312392578 -26.455560303357167 2.1883678 16 4.5129647 16.64303 12.0 0 0.94748133 23.093868 23.849422 22.673725 21.909103 21.666374 21.080303 21.32972 20.51615 19.36237 20.23842 20.022392 20.041264 0.62834436 2.162388 1.1214379 0.45029867 0.29073796 0.06612086 0.19173285 0.047340017 0.018269595 0.045379 0.0772956 0.071972795 0.27772999999999826 1.1537800000000011 0.06557690790636814 0.05074303214259386 "" ""
"b'HYDRA-0020   '" "b'iDR3.HYDRA-0020.052261   '" 165.37107089792138 -23.362435672976996 2.2661734 7 4.0819664 16.37528 11.0 0 0.69567937 21.792685 99.0 21.879566 21.835789 21.722466 21.880394 21.21472 20.548855 19.74839 20.328217 18.790958 20.949469 0.4325647 21.741442 0.8114958 0.73051405 0.663454 0.27201155 0.32163665 0.08626064 0.048124887 0.1006689 0.05394517 0.34007183 0.220638000000001 0.8004649999999991 0.13257120894228733 0.09877703560024652 "" ""
"b'HYDRA-0034   '" "b'iDR3.HYDRA-0034.056694   '" 155.65773837745573 -26.484415946448067 2.663532 21 2.482825 16.750654 12.0 0 0.69680566 22.771694 22.352455 22.013523 21.72861 22.44533 21.442905 21.2883 20.482204 19.791956 20.249542 19.806805 19.945177 0.417067 0.4242237 0.5181097 0.33259675 0.596698 0.0823783 0.17108363 0.040796567 0.027814452 0.049606606 0.08208458 0.07453905 0.2326619999999977 0.6902480000000004 0.06422752710345249 0.04937614423024334 "" ""
"b'HYDRA-0039   '" "b'iDR3.HYDRA-0039.058952   '" 164.84041743554369 -26.00104501845025 2.9232934 15 4.3881 17.72635 11.0 0 0.6863742 22.728619 24.353176 21.131313 99.0 22.058083 21.942663 22.715878 20.520031 19.090397 20.179474 20.22293 19.974522 0.80893207 6.1339226 0.5166315 21.26658 0.87825716 0.22995919 1.2819592 0.06918481 0.025797816 0.0709491 0.16169785 0.11018766 0.34055700000000044 1.429634 0.09909749101539403 0.07383810158113463 "" ""
"b'HYDRA-0071   '" "b'iDR3.HYDRA-0071.019176   '" 156.66785664701092 -32.60800381567117 3.203516 16 4.815343 16.824488 12.0 0 0.8914886 21.649303 21.299305 21.97051 21.756851 21.31789 21.223423 20.789253 20.446999 19.640049 20.436749 19.949236 19.929382 0.19836545 0.32442963 0.7689469 0.5733597 0.3740851 0.11055398 0.18214399 0.05697322 0.035758466 0.07473506 0.11411845 0.0920946 0.010250000000002757 0.8069500000000005 0.09397487425036545 0.0672652636049362 "" ""
"b'HYDRA-0129   '" "b'iDR3.HYDRA-0129.103374   '" 151.25386305934282 -41.39411902897829 2.0741792 10 4.6836014 16.921356 11.0 0 0.7541376 22.555668 22.719185 21.067848 22.044838 99.0 21.449299 21.34888 20.481398 19.087666 19.726484 19.54206 19.37016 1.3432877 2.1508486 0.72627413 1.5432149 20.877384 0.30605596 0.5890346 0.10861245 0.038315456 0.06360473 0.10589661 0.077130534 0.7549139999999994 1.393732 0.12586590472949932 0.11517264633362574 "" ""
"b'HYDRA-0129   '" "b'iDR3.HYDRA-0129.087936   '" 150.06256897485665 -41.56294464746175 2.4988048 10 4.6801457 17.291462 12.0 0 0.6863773 22.851109 23.082504 20.899351 22.531918 21.431595 20.7882 21.126568 20.543795 18.976715 20.394854 20.354416 20.308603 1.7287487 2.9465804 0.6115406 2.4189727 0.78646266 0.1684164 0.48226556 0.11418276 0.034765672 0.11606592 0.220644 0.18093562 0.14894100000000066 1.5670800000000007 0.16281584832768584 0.11935809411526803 "" ""
"b'HYDRA-0144   '" "b'iDR3.HYDRA-0144.044318   '" 162.65806208063898 -43.33458253804519 1.9999453 8 2.5508559 16.364016 10.0 0 0.5723717 21.813145 99.0 99.0 21.211338 22.244726 22.968275 21.492733 20.528063 18.382256 20.30825 19.720165 20.180702 0.5298897 21.27117 20.879068 0.6834516 1.6719058 1.3384385 0.6761356 0.11953634 0.023085253 0.116911 0.13527685 0.17088108 0.21981299999999848 2.145806999999998 0.16720382322661045 0.1217450840349195 "" ""
"b'HYDRA-0164   '" "b'iDR3.HYDRA-0164.155741   '" 159.15125746487595 -46.62424610361841 4.1364074 8 1.82 17.169119 8.0 0 0.5146591 99.0 99.0 23.308165 22.808949 99.0 23.541355 99.0 20.543287 19.463902 20.400806 19.813423 19.74767 21.357237 20.99198 5.7626686 3.4504929 20.709677 2.2896097 21.052134 0.11489656 0.049781945 0.11250505 0.12992753 0.10532625 0.14248100000000008 1.0793849999999985 0.16080611236932538 0.12521765669352156 "" ""
"b'HYDRA-0021   '" "b'iDR3.HYDRA-0021.015984   '" 151.2967113654461 -25.71593567676084 2.5039537 14 4.8879323 17.409307 12.0 0 0.5929661 21.25714 21.790096 20.85022 21.20225 21.447796 21.079779 20.756039 20.49365 19.822308 20.427425 19.874542 20.06549 0.21087384 0.49086842 0.37250456 0.40796888 0.46716875 0.09143504 0.21092804 0.05944718 0.041976523 0.08202849 0.10469333 0.11450097 0.06622499999999931 0.6713419999999992 0.10130469081751595 0.07277359200370646 "" ""
"b'HYDRA-0130   '" "b'iDR3.HYDRA-0130.035951   '" 152.68080636894956 -42.19880574759379 2.4216347 10 1.82 17.136686 11.0 0 0.6184746 21.3405 20.900757 99.0 21.199593 23.66773 21.04706 21.297874 20.53799 19.763582 20.674126 19.912834 20.690916 0.30355668 0.3121772 20.838501 0.5225603 4.6403794 0.14059968 0.3993707 0.07988372 0.049073882 0.1155128 0.11548164 0.21122839 -0.13613600000000048 0.7744080000000011 0.14044435084715368 0.09375315789661874 "" ""
"b'HYDRA-0048   '" "b'iDR3.HYDRA-0048.012451   '" 164.2194057373469 -28.546586879743373 2.4995165 12 2.7192776 17.394884 12.0 0 0.89622575 21.07882 20.92437 22.625769 20.37123 20.521286 20.78946 20.750465 20.480276 19.537008 20.383505 19.708744 20.005844 0.16447967 0.24129702 1.9043609 0.19910352 0.21320452 0.077989645 0.21318983 0.06486405 0.041749097 0.09247575 0.14483131 0.13541074 0.09677100000000038 0.9432679999999998 0.11295622745322632 0.0771383956452162 "" ""
"b'HYDRA-0011   '" "b'iDR3.HYDRA-0011.012297   '" 150.477365078257 -24.377932572283253 2.8206434 11 2.8138354 17.650438 12.0 0 0.87623084 21.408062 21.056936 21.477762 20.704384 21.28122 21.189476 20.601612 20.515871 19.410904 20.618767 19.68834 20.479637 0.22703864 0.28396204 0.6727963 0.2728579 0.45134515 0.114569336 0.18703218 0.06250361 0.042892214 0.09105994 0.1337239 0.15326539 -0.10289599999999766 1.104967000000002 0.11044733557599161 0.07580529852756927 "" ""
"b'SPLUS-s26s41 '" "b'iDR3.SPLUS-s26s41.035849 '" 65.11550821559 -32.92865509512103 3.6119912 13 6.505984 16.715519 11.0 0 0.57970905 21.573221 21.63146 24.040497 99.0 21.354618 20.758327 20.10147 20.584967 19.663279 20.123116 19.844013 19.953648 0.52078277 0.81186074 10.290818 20.642162 0.871596 0.20337273 0.23149846 0.12998497 0.06332753 0.092835486 0.142056 0.13153876 0.46185099999999935 0.9216879999999996 0.15973265128569392 0.14459069292939225 "" ""
"b'SPLUS-s26s41 '" "b'iDR3.SPLUS-s26s41.036928 '" 64.62088772954027 -33.088169033595946 2.4254708 9 7.42631 16.894793 9.0 0 0.53802186 99.0 99.0 99.0 20.725761 20.866404 22.157782 21.353773 20.63778 19.47804 20.080093 19.75533 19.63557 21.476475 21.03039 20.685764 0.51602113 0.55751234 0.7279652 0.7187654 0.13799822 0.05464618 0.08934212 0.13213402 0.09948756 0.5576869999999978 1.1597399999999993 0.16439441331524257 0.14842410084538427 "" ""
"b'SPLUS-s24s32 '" "b'iDR3.SPLUS-s24s32.020741 '" 48.09119617544737 -30.9716275312946 7.84244 13 4.4594765 17.81955 11.0 0 0.5052915 21.52428 21.349972 99.0 21.100824 21.184685 21.146492 21.47518 20.660168 19.937025 20.805851 19.908379 20.260555 0.37660694 0.40571 21.09477 0.4415497 0.43102604 0.14489299 0.4385329 0.09483803 0.06131694 0.14539191 0.1383002 0.16065413 -0.14568300000000178 0.7231430000000003 0.17358876526932554 0.11293369322414148 "" ""
"b'SPLUS-s25s44 '" "b'iDR3.SPLUS-s25s44.033734 '" 69.30085231930745 -32.16436449339053 3.3137991 17 5.1558743 17.123983 12.0 0 0.5669252 21.435963 21.03443 21.083931 21.119642 21.175268 21.183777 20.99345 20.632633 20.044918 20.567463 19.918764 20.184147 0.14451802 0.17369534 0.3058854 0.27442017 0.28110725 0.092450336 0.18347152 0.059075467 0.04333625 0.083732136 0.111444816 0.12194821 0.0651699999999984 0.5877149999999993 0.10247429629126802 0.07326623618919283 "" ""
"b'SPLUS-s30s43 '" "b'iDR3.SPLUS-s30s43.037719 '" 72.89887324526747 -38.36985745026533 3.672195 11 3.7352145 17.443903 12.0 0 0.6696781 21.12817 21.350567 20.550821 20.818214 23.114147 21.091896 21.056496 20.573673 19.460018 20.82389 19.579819 20.222828 0.15371454 0.3234171 0.28788874 0.39861014 2.532441 0.11954074 0.2792979 0.07837768 0.03551186 0.15100732 0.12188333 0.17916924 -0.25021699999999925 1.1136549999999978 0.17013603796892884 0.08604738765844086 "" ""
b'STRIPE82-0142' b'iDR3.STRIPE82-0142.034401' 339.20666171031564 0.9038310163367896 3.0435133 8 5.739086 17.81605 12.0 0 0.5591658 21.435831 23.993168 21.49548 21.588688 21.691103 21.050285 20.38916 20.586994 20.013138 20.72091 21.064734 20.680603 0.28851017 4.439107 0.7282914 0.64403623 0.6272017 0.124111354 0.16655055 0.08747258 0.058633115 0.1424585 0.45674878 0.266507 -0.13391599999999926 0.5738559999999993 0.16717020211181896 0.10530571886872822 "" ""
b'STRIPE82-0142' b'iDR3.STRIPE82-0142.048048' 338.096059256585 1.073306407386629 3.5567245 12 3.6224165 18.148582 12.0 0 0.61685264 22.593327 21.291187 21.895407 20.451878 21.984205 21.0149 21.249062 20.630493 19.742252 20.765656 20.388065 20.524017 0.81840473 0.37633684 1.0426091 0.23626855 0.8316853 0.12220246 0.36247614 0.09181778 0.04738368 0.15218112 0.2520266 0.23587699 -0.1351629999999986 0.8882410000000007 0.1777346280514374 0.10332336548172828 "" ""
b'STRIPE82-0068' b'iDR3.STRIPE82-0068.011000' 46.518007067213006 0.2152537703047854 2.1058018 15 2.0077093 17.428219 12.0 0 0.9324281 22.878859 24.332668 24.21698 25.338093 23.086578 21.935291 21.776785 20.635162 19.354086 20.085281 19.867039 19.918816 0.5651384 3.6976388 5.4440928 12.391301 1.4339694 0.13079698 0.355837 0.055448893 0.022720259 0.04725156 0.101916805 0.07591655 0.5498810000000027 1.2810760000000023 0.07285114726179025 0.05992320004766543 "" ""
b'STRIPE82-0087' b'iDR3.STRIPE82-0087.052018' 301.03466661277355 -0.9142901648996652 3.5137336 19 3.5982604 17.419058 9.0 0 0.8986568 99.0 22.526533 99.0 99.0 23.014328 22.028725 21.850365 20.582697 17.747932 19.49588 19.054983 19.00812 22.285767 1.3346982 20.978617 21.355217 1.9879538 0.23135322 0.5570534 0.073818944 0.010151495 0.039706536 0.055517085 0.04677359 1.086817 2.834765000000001 0.08382031671614247 0.07451368561553079 "" ""
b'STRIPE82-0087' b'iDR3.STRIPE82-0087.010709' 301.06113911807444 -1.2757295927222954 2.9841685 14 4.238861 17.940987 10.0 0 0.50205135 23.52975 99.0 21.59761 23.125784 99.0 21.745966 21.202831 20.611483 18.103304 20.06755 19.729774 19.814259 1.4447228 21.3679 0.8050625 2.4238963 21.442844 0.18241347 0.3148972 0.07546023 0.012946338 0.06638869 0.102602266 0.09820613 0.5439329999999991 2.5081789999999984 0.10050723591647022 0.07656274537438652 "" ""
b'STRIPE82-0087' b'iDR3.STRIPE82-0087.069557' 300.663328637143 -0.7668332547811255 3.9474308 25 1.82 17.76207 10.0 0 0.7896085 99.0 22.002512 25.161615 99.0 22.016233 21.507147 21.165054 20.599398 19.478079 19.627651 19.194536 19.124533 22.285767 0.8689685 22.57816 21.355217 0.802543 0.14581259 0.30117267 0.07698726 0.03871739 0.045030996 0.06347726 0.052515917 0.9717470000000006 1.1213189999999997 0.08918984697295772 0.08617467430005002 "" ""
b'STRIPE82-0087' b'iDR3.STRIPE82-0087.084200' 300.79190981538284 -0.6355054286682874 3.123137 14 4.7624965 18.071686 10.0 0 0.51723427 99.0 99.0 21.271502 22.803253 21.313309 21.323032 21.104023 20.610441 19.859118 20.331913 19.913874 20.1454 22.285767 21.3679 0.6286369 1.7733268 0.42130867 0.123110786 0.28343397 0.07669624 0.0527448 0.08340628 0.11923396 0.13064586 0.27852800000000144 0.7513230000000028 0.11330896157663789 0.09308236759546676 "" ""
b'STRIPE82-0087' b'iDR3.STRIPE82-0087.037563' 301.03269392547725 -1.0394359677728209 2.9937482 14 3.4832737 18.055183 12.0 0 0.54350924 22.143215 22.698933 23.785961 21.647125 21.094486 20.937551 21.304016 20.558523 19.835667 20.255783 20.277262 20.632723 0.4081214 1.5459453 5.996307 0.6183978 0.34700435 0.08798668 0.3406706 0.072276995 0.051008027 0.078095704 0.16621654 0.20471929 0.30274 0.7228560000000002 0.10640913019795642 0.08846345474071625 "" ""
b'STRIPE82-0087' b'iDR3.STRIPE82-0087.093637' 300.74073541252784 -0.5531471598522165 6.4669676 18 5.991044 17.940868 9.0 0 0.6841853 23.077219 99.0 99.0 22.27337 99.0 21.898108 21.920525 20.624243 19.774107 19.97414 19.686615 19.622437 1.0156081 21.3679 20.978617 1.0963123 21.442844 0.20670491 0.5968359 0.07826639 0.049437057 0.061036088 0.09787685 0.081877865 0.6501030000000014 0.8501359999999991 0.09925236441503973 0.09257240630151811 "" ""
b'STRIPE82-0087' b'iDR3.STRIPE82-0087.094869' 300.8387912866506 -0.5422348300377242 3.2047837 19 1.8228493 17.806107 9.0 0 0.5164952 99.0 99.0 99.0 22.20786 21.888014 22.111206 21.35807 20.568022 19.23827 19.844204 19.563925 19.420258 22.285767 21.3679 20.978617 1.026543 0.70898294 0.24906152 0.35603097 0.073805526 0.031330816 0.05413022 0.08733352 0.06793918 0.7238179999999979 1.3297519999999992 0.09152779023545295 0.08018027001303082 "" ""
b'STRIPE82-0087' b'iDR3.STRIPE82-0087.046831' 300.74886152774417 -0.9582146250448924 5.7347336 16 5.138246 18.253479 12.0 0 0.54256856 23.326393 21.452621 22.272816 21.38361 21.243587 21.166573 20.69254 20.626143 19.156725 20.23152 20.31874 20.077707 1.2359769 0.51175874 1.5376083 0.48185885 0.39303946 0.10653634 0.19475012 0.077780984 0.029351218 0.0763459 0.17231207 0.12334805 0.3946229999999993 1.4694179999999974 0.10898888896955623 0.0831346827148079 "" ""
b'STRIPE82-0087' b'iDR3.STRIPE82-0087.098014' 300.7403860431112 -0.5146940870929658 3.751383 15 1.82 18.022547 9.0 0 0.5091814 99.0 99.0 20.656128 99.0 23.364725 22.123817 21.857876 20.610994 19.716017 19.990238 19.707842 19.90159 22.285767 21.3679 0.36500233 21.355217 2.7561998 0.25336933 0.5637276 0.07735803 0.047055107 0.061911818 0.099745095 0.10534255 0.6207560000000001 0.8949770000000008 0.09908248086087683 0.09054528093866819 "" ""
